[5, 2, 8, 6, -3, -1, -3, 2, 0]--- 24 points removed --- 2 3 4 6 7 8 9 10 11 12 13 14 15 30 66 70 72 74 75 76 78 79 138 142 
[5, 3, 8, 6, -2, -4, -2, 3, 0]--- 22 points removed --- 2 4 5 6 7 8 10 11 12 13 14 15 30 68 70 74 76 78 79 134 140 142 
[8, 2, -1, -3, 6, 8, 2, -3, 0]--- 22 points removed --- 1 3 16 17 18 19 32 33 35 48 49 50 51 57 65 80 81 83 97 112 113 115 
[7, 1, 8, 7, -3, -2, -3, 4, 0]--- 22 points removed --- 2 4 6 7 8 10 11 12 13 14 15 30 66 68 70 72 74 75 76 78 79 142 
[7, 4, 8, 7, -3, -2, -3, 1, 0]--- 22 points removed --- 2 3 4 5 6 7 8 9 10 11 12 13 14 15 30 70 74 75 76 78 79 142 
[5, 3, 8, 7, -4, -2, -2, 3, 0]--- 22 points removed --- 2 4 6 7 8 9 10 11 12 13 14 15 30 70 72 74 76 78 79 138 140 142 
[5, 3, 8, 7, -2, -2, -4, 3, 0]--- 22 points removed --- 2 3 4 6 7 8 10 11 12 13 14 15 30 66 70 74 76 78 79 134 138 142 
[-4, 8, 1, 2, 6, -4, 7, 3, 0]--- 21 points removed --- 4 5 20 36 52 128 129 132 133 134 140 144 148 149 160 164 165 172 176 180 181 
[8, 4, -2, -3, 7, 8, 1, -3, 0]--- 21 points removed --- 1 3 16 17 18 19 32 33 34 35 48 49 50 51 57 81 83 97 112 113 115 
[5, 3, 8, 7, -5, -1, -2, 3, 0]--- 21 points removed --- 2 4 6 8 9 10 11 12 13 14 15 30 72 74 75 76 78 79 138 140 142 
[5, 4, 8, 7, -6, -1, -1, 3, 0]--- 21 points removed --- 2 4 6 8 9 10 11 12 13 14 15 30 72 74 76 78 79 136 138 140 142 
[5, 3, 8, 7, -1, -6, -1, 4, 0]--- 21 points removed --- 2 4 5 6 7 8 10 12 13 14 15 30 68 70 76 78 79 132 134 140 142 
[7, -4, -4, 6, 2, 1, 8, 3, 0]--- 21 points removed --- 32 33 36 40 44 64 65 68 72 76 96 97 100 101 104 105 108 109 112 116 224 
[8, 1, -2, -3, 7, 8, 4, -3, 0]--- 21 points removed --- 1 16 17 19 32 33 35 48 49 50 51 57 65 80 81 83 96 97 112 113 115 
[5, 3, 8, 7, -2, -1, -5, 3, 0]--- 21 points removed --- 2 3 4 6 7 8 10 11 12 14 15 30 66 70 74 75 78 79 134 138 142 
[5, 4, 8, 7, -1, -1, -6, 3, 0]--- 21 points removed --- 2 3 4 6 7 8 10 11 12 14 15 30 66 70 74 78 79 130 134 138 142 
[5, 3, 0, -2, 5, 4, -1, -2, 0]--- 20 points removed --- 1 2 3 16 17 18 19 23 33 34 35 48 49 50 51 55 81 83 113 115 
[8, 3, 4, 5, -2, 0, -2, -1, 0]--- 20 points removed --- 1 2 3 5 6 7 8 9 10 11 12 13 14 15 43 47 74 75 78 79 
[8, 8, 1, 2, 6, 3, -4, -4, 0]--- 20 points removed --- 1 2 3 5 6 7 11 17 18 19 23 33 34 35 39 43 49 50 51 55 
[8, 8, 3, 6, 2, 1, -4, -4, 0]--- 20 points removed --- 1 2 3 5 6 7 9 10 11 13 14 15 19 23 33 34 35 39 43 47 
[3, 2, -7, -1, 8, 3, 6, 5, 0]--- 20 points removed --- 16 32 33 34 36 48 49 50 52 96 100 112 113 116 160 164 176 180 224 240 
[5, 4, 0, -1, 6, 3, -2, -2, 0]--- 20 points removed --- 1 2 3 7 16 17 18 19 23 33 34 35 39 48 49 50 51 55 83 115 
[1, 4, 3, 5, 0, -5, 2, 2, 0]--- 20 points removed --- 4 5 6 7 12 13 14 15 36 44 68 76 132 133 134 140 141 142 164 172 
[3, 5, 6, 7, 1, -8, 2, 3, 0]--- 20 points removed --- 4 5 6 7 12 13 14 15 20 36 44 68 70 76 132 133 134 140 141 142 
[8, 7, 5, 8, -1, -1, -3, -3, 0]--- 20 points removed --- 1 2 3 4 5 6 7 8 9 10 11 12 13 14 15 35 39 43 47 79 
[3, 3, 8, 5, -2, -2, -2, 3, 0]--- 20 points removed --- 2 4 6 7 8 10 11 12 13 14 15 30 70 74 76 78 134 138 140 142 
[2, 3, -7, 0, 8, 3, 4, 6, 0]--- 20 points removed --- 32 33 34 36 48 49 50 52 96 100 112 116 160 162 164 176 178 180 224 240 
[2, 3, -7, -1, 8, 3, 5, 6, 0]--- 20 points removed --- 16 32 33 34 36 48 49 50 52 96 100 112 116 160 164 176 178 180 224 240 
[2, 1, -6, 0, 8, 3, 5, 4, 0]--- 20 points removed --- 32 33 34 36 48 49 50 52 96 97 100 112 113 116 160 164 176 180 224 240 
[3, 2, 5, 5, -1, 0, -4, 2, 0]--- 20 points removed --- 2 3 6 7 8 10 11 12 14 15 66 70 74 75 78 79 130 134 138 142 
[2, 3, -8, 1, 7, 3, 5, 6, 0]--- 20 points removed --- 32 33 34 36 40 48 49 50 52 96 100 112 116 160 162 164 176 180 224 240 
[1, 4, 3, 5, -5, 0, 2, 2, 0]--- 20 points removed --- 8 9 10 11 12 13 14 15 40 44 72 76 136 137 138 140 141 142 168 172 
[2, 6, 5, 8, -1, -7, 3, 3, 0]--- 20 points removed --- 4 5 6 7 8 12 13 14 15 36 44 68 76 132 133 134 140 141 142 172 
[4, 5, 6, 8, 0, -8, 2, 3, 0]--- 20 points removed --- 4 5 6 7 12 13 14 15 36 44 68 70 76 78 132 133 134 140 141 142 
[5, 4, 3, 5, -1, 0, -2, -2, 0]--- 20 points removed --- 1 2 3 5 6 7 8 9 10 11 12 13 14 15 35 39 43 47 75 79 
[8, 7, -1, -1, 8, 5, -3, -3, 0]--- 20 points removed --- 1 2 3 7 16 17 18 19 23 32 33 34 35 39 48 49 50 51 55 115 
[6, -4, -4, 5, 3, 2, 8, 2, 0]--- 20 points removed --- 32 33 36 40 64 65 68 72 96 97 100 101 104 105 108 109 112 113 116 224 
[1, 2, 0, -5, 5, 2, 3, 4, 0]--- 20 points removed --- 16 17 18 20 48 49 50 52 80 84 112 116 144 146 148 176 178 180 208 240 
[3, 1, 0, -7, 8, 3, 6, 4, 0]--- 20 points removed --- 16 17 18 20 48 49 50 52 80 81 84 112 113 116 144 148 176 180 208 240 
[8, 5, -1, -3, 8, 7, -1, -3, 0]--- 20 points removed --- 1 2 3 16 17 18 19 32 33 34 35 48 49 50 51 55 81 83 113 115 
[4, 3, 6, 6, -5, 0, -1, 2, 0]--- 20 points removed --- 2 6 8 9 10 11 12 13 14 15 72 74 75 76 78 79 136 138 140 142 
[3, 5, 6, 8, -1, -7, 2, 3, 0]--- 20 points removed --- 4 5 6 7 8 12 13 14 15 36 44 68 76 78 132 133 134 140 141 142 
[3, 2, -1, -7, 8, 3, 6, 5, 0]--- 20 points removed --- 16 17 18 20 32 48 49 50 52 80 84 112 113 116 144 148 176 180 208 240 
[-4, 8, 2, 3, 5, -4, 7, 2, 0]--- 20 points removed --- 4 5 20 36 128 129 132 133 134 140 141 144 148 149 160 164 165 172 180 181 
[3, 5, 6, 8, -7, -1, 2, 3, 0]--- 20 points removed --- 4 8 9 10 11 12 13 14 15 40 44 72 76 78 136 137 138 140 141 142 
[8, -4, 1, 2, 6, -4, 3, 8, 0]--- 20 points removed --- 4 6 20 36 52 64 66 68 70 76 80 84 86 96 100 102 108 112 116 118 
[2, 3, -1, -7, 8, 3, 5, 6, 0]--- 20 points removed --- 16 17 18 20 32 48 49 50 52 80 84 112 116 144 148 176 178 180 208 240 
[2, 6, 5, 7, 1, -8, 3, 3, 0]--- 20 points removed --- 4 5 6 7 12 13 14 15 20 36 44 68 76 132 133 134 140 141 142 164 
[2, 6, 5, 8, -7, -1, 3, 3, 0]--- 20 points removed --- 4 8 9 10 11 12 13 14 15 40 44 72 76 136 137 138 140 141 142 172 
[8, 5, 7, 8, -3, -1, -3, -1, 0]--- 20 points removed --- 1 2 3 4 5 6 7 8 9 10 11 12 13 14 15 47 74 75 78 79 
[2, 3, 4, 5, -5, 0, 1, 2, 0]--- 20 points removed --- 8 9 10 11 12 13 14 15 40 44 72 74 76 78 136 137 138 140 141 142 
[3, 2, -8, 1, 7, 3, 6, 5, 0]--- 20 points removed --- 32 33 34 36 40 48 49 50 52 96 97 100 112 116 160 164 176 180 224 240 
[8, -1, -1, -3, 8, 8, 5, -3, 0]--- 19 points removed --- 1 16 17 19 32 33 48 49 51 64 65 80 81 83 96 97 112 113 115 
[4, -5, -1, -1, 8, 4, 8, 4, 0]--- 19 points removed --- 16 32 48 64 65 68 80 81 84 96 97 100 112 113 116 192 208 224 240 
[-3, 5, 8, 8, -1, -1, 8, -3, 0]--- 19 points removed --- 1 4 5 8 9 12 13 128 129 132 133 136 137 140 141 193 197 201 205 
[3, -1, -1, -4, 8, 3, 6, 3, 0]--- 19 points removed --- 16 17 20 32 48 49 52 64 80 81 84 96 112 113 116 144 176 208 240 
[-3, 4, 6, 6, 1, -1, 8, -3, 0]--- 19 points removed --- 1 4 5 9 13 128 129 132 133 136 137 140 141 149 165 193 197 201 205 
[-1, 8, 3, 6, 2, -7, 5, 4, 0]--- 19 points removed --- 4 5 6 12 13 20 36 44 128 132 133 134 140 141 142 148 164 165 172 
[3, 5, 8, 6, -2, -4, -2, 5, 0]--- 19 points removed --- 2 4 6 7 8 10 12 13 14 15 30 70 76 78 132 134 138 140 142 
[-3, 8, 4, 8, -3, -2, 4, 4, 0]--- 19 points removed --- 4 8 12 13 14 44 128 132 133 134 136 137 138 140 141 142 164 168 172 
[8, 3, -4, -2, 6, 8, 3, -2, 0]--- 19 points removed --- 1 16 17 19 32 33 34 35 48 49 50 51 57 81 96 97 112 113 115 
[8, -3, -1, -1, 8, -3, 5, 8, 0]--- 19 points removed --- 4 16 20 32 36 48 52 64 68 70 80 84 86 96 100 102 112 116 118 
[-3, 5, 7, 7, 1, -2, 8, -3, 0]--- 19 points removed --- 1 4 5 9 12 13 128 129 132 133 136 137 140 141 149 165 193 197 205 
[4, -6, -1, 2, 5, 3, 8, 3, 0]--- 19 points removed --- 32 64 65 68 72 80 81 84 96 97 100 101 104 112 113 116 192 224 240 
[-8, 6, 3, 5, 2, 1, 3, 4, 1]--- 19 points removed --- 128 129 130 132 133 134 136 137 138 140 142 144 148 160 162 164 168 172 192 
[-1, 4, -7, 2, 6, 5, 3, 8, 0]--- 19 points removed --- 32 34 36 40 48 50 96 112 128 160 162 164 168 176 178 180 224 226 240 
[3, -1, -5, -1, 7, 4, 8, 4, 0]--- 19 points removed --- 16 32 33 36 48 49 52 64 80 96 97 100 112 113 116 160 176 224 240 
[4, -2, -5, 1, 6, 3, 8, 3, 0]--- 19 points removed --- 32 33 36 48 49 52 64 80 96 97 100 101 104 112 113 116 160 224 240 
[3, -2, -2, -2, 6, 3, 6, 3, 0]--- 19 points removed --- 16 32 48 49 52 64 80 81 84 96 97 100 112 113 116 176 208 224 240 
[8, -4, -3, 7, 1, -1, 7, 5, 0]--- 19 points removed --- 4 32 36 40 44 64 68 72 76 96 97 100 101 102 104 105 108 109 116 
[-8, 7, 4, 7, 1, 1, 3, 5, 0]--- 19 points removed --- 128 129 130 132 133 134 136 137 138 140 141 142 144 160 162 164 168 172 192 
[1, 3, -1, -6, 8, 3, 4, 6, 0]--- 19 points removed --- 16 18 20 32 48 49 50 52 80 112 116 144 146 148 176 178 180 208 240 
[7, 8, -1, 1, 7, 5, -3, -4, 0]--- 19 points removed --- 1 2 3 7 17 18 19 23 32 33 34 35 39 43 49 50 51 55 163 
[-2, 3, -2, -2, 6, 3, 3, 6, 0]--- 19 points removed --- 16 32 48 50 52 112 128 144 146 148 160 162 164 176 178 180 208 224 240 
[3, 1, -5, -2, 8, 3, 6, 4, 0]--- 19 points removed --- 16 32 33 36 48 49 50 52 80 96 100 112 113 116 160 176 180 224 240 
[8, -1, 8, 8, -3, -1, -3, 5, 0]--- 19 points removed --- 2 4 6 8 10 11 12 14 15 64 66 68 70 72 74 75 76 78 79 
[6, 5, 8, 7, -1, -3, -4, 2, 0]--- 19 points removed --- 2 3 4 5 6 7 8 10 11 12 13 14 15 30 70 78 79 134 142 
[3, 4, 6, 7, -6, -1, 1, 3, 0]--- 19 points removed --- 4 8 9 10 11 12 13 14 15 44 72 74 76 78 136 138 140 141 142 
[8, 8, 2, 5, 3, 2, -4, -4, 0]--- 19 points removed --- 1 2 3 5 6 7 9 10 11 15 19 23 33 34 35 39 43 47 51 
[8, -4, 2, 3, 5, -4, 2, 8, 0]--- 19 points removed --- 4 6 20 36 64 66 68 70 76 78 80 84 86 96 100 102 108 116 118 
[5, -6, -2, 1, 7, 4, 8, 3, 0]--- 19 points removed --- 32 48 64 65 68 80 81 84 96 97 100 101 104 112 113 116 192 224 240 
[5, 2, 8, 6, -1, -3, -3, 4, 0]--- 19 points removed --- 2 4 6 7 8 10 12 14 15 30 66 68 70 74 76 78 79 134 142 
[-3, 8, -1, -1, 8, -3, 8, 5, 0]--- 19 points removed --- 4 16 20 32 36 48 52 128 132 133 144 148 149 160 164 165 176 180 181 
[7, -3, -1, 2, 5, -3, 4, 6, 0]--- 19 points removed --- 4 20 32 36 52 64 68 70 76 80 84 96 100 101 102 108 112 116 118 
[-7, 8, 4, 6, 2, -1, 4, 4, 0]--- 19 points removed --- 4 128 129 130 132 133 134 136 137 138 140 141 142 144 148 160 164 168 172 
[4, -8, 1, 2, 6, 4, 7, 4, 0]--- 19 points removed --- 64 65 66 68 72 80 81 84 96 97 100 104 112 113 116 192 208 224 240 
[4, 4, 6, 7, 1, -8, 2, 4, 0]--- 19 points removed --- 4 5 6 7 12 13 14 15 20 36 44 68 70 76 78 132 134 140 142 
[-1, 3, -1, -4, 8, 3, 3, 8, 0]--- 19 points removed --- 16 18 20 32 48 50 52 80 112 128 144 146 148 160 176 178 180 208 240 
[6, 5, 8, 7, -3, -4, -1, 2, 0]--- 19 points removed --- 2 4 5 6 7 8 9 10 11 12 13 14 15 30 76 78 79 140 142 
[8, -4, -1, 1, 7, -3, 5, 7, 0]--- 19 points removed --- 4 20 32 36 52 64 68 70 80 84 86 96 100 101 102 108 112 116 118 
[3, 5, 8, 6, -2, -2, -4, 5, 0]--- 19 points removed --- 2 4 6 7 8 10 11 12 14 15 30 70 74 78 130 134 138 140 142 
[-5, 4, -1, -2, 8, 4, 4, 8, 0]--- 19 points removed --- 16 32 48 128 130 132 144 146 148 160 162 164 176 178 180 192 208 224 240 
[1, 4, -2, -6, 8, 4, 4, 7, 0]--- 19 points removed --- 16 18 20 32 48 49 50 52 80 112 144 146 148 160 176 178 180 208 240 
[-1, 6, 3, 8, -4, -1, 3, 3, 0]--- 19 points removed --- 4 8 9 10 12 13 14 40 44 128 132 136 137 138 140 141 142 168 172 
[-1, 3, -4, -1, 8, 3, 3, 7, 0]--- 19 points removed --- 16 32 34 36 48 50 52 96 112 128 144 160 162 164 176 178 180 224 240 
[1, 3, -6, -1, 7, 3, 4, 6, 0]--- 19 points removed --- 16 32 34 36 48 49 50 52 96 112 116 160 162 164 176 178 180 224 240 
[3, 5, 8, 6, -4, -2, -2, 5, 0]--- 19 points removed --- 2 4 6 8 10 11 12 13 14 15 30 74 76 78 134 136 138 140 142 
[-6, 8, 3, 6, 1, -1, 4, 3, 0]--- 19 points removed --- 4 128 129 130 132 133 134 136 137 138 140 141 142 148 160 164 165 168 172 
[-6, 8, 4, 8, -1, -1, 5, 4, 0]--- 19 points removed --- 4 8 12 128 129 130 132 133 134 136 137 138 140 141 142 160 164 168 172 
[1, 7, 5, 8, -7, -1, 3, 4, 0]--- 19 points removed --- 4 8 9 10 12 13 14 15 40 44 76 136 137 138 140 141 142 168 172 
[-8, 5, 1, 2, 6, 3, 4, 7, 0]--- 19 points removed --- 128 129 130 132 134 136 144 146 148 160 162 164 168 176 178 180 192 208 224 
[1, 3, -8, 1, 6, 3, 4, 6, 1]--- 19 points removed --- 32 33 34 36 40 48 50 52 96 100 112 160 162 164 176 178 180 224 240 
[8, -4, -4, 6, 2, -1, 7, 4, 1]--- 19 points removed --- 32 36 40 44 64 68 72 76 96 97 100 101 102 104 105 108 109 112 116 
[5, -1, -7, 2, 6, 4, 8, 3, 0]--- 19 points removed --- 32 33 36 40 48 49 52 64 96 97 100 101 104 112 113 116 160 224 240 
[8, -4, -1, 2, 6, -4, 4, 7, 1]--- 19 points removed --- 4 20 36 52 64 68 70 76 80 84 86 96 100 101 102 108 112 116 118 
[4, -1, -6, 1, 6, 3, 7, 3, 0]--- 19 points removed --- 32 33 36 48 49 52 64 96 97 100 101 104 112 113 116 160 176 224 240 
[4, 4, 6, 8, -7, -1, 2, 4, 0]--- 19 points removed --- 4 8 9 10 11 12 13 14 15 40 44 72 74 76 78 136 138 140 142 
[3, 1, -7, 2, 5, 3, 6, 4, 0]--- 19 points removed --- 32 33 34 36 40 48 49 52 96 97 100 104 112 116 160 164 176 224 240 
[-8, 4, 1, 2, 6, 4, 4, 7, 0]--- 19 points removed --- 128 129 130 132 136 144 146 148 160 162 164 168 176 178 180 192 208 224 240 
[-6, 4, -2, 1, 7, 5, 3, 8, 0]--- 19 points removed --- 32 48 128 130 132 144 146 160 162 164 168 176 178 180 192 208 224 226 240 
[8, -3, -3, 8, -1, -1, 8, 5, 0]--- 19 points removed --- 4 8 12 32 36 40 44 64 68 72 76 96 97 100 101 104 105 108 109 
[4, 1, -2, -6, 8, 4, 7, 4, 0]--- 19 points removed --- 16 17 20 32 48 49 50 52 80 81 84 96 112 113 116 144 176 208 240 
[2, 4, -7, -1, 8, 4, 4, 6, 0]--- 19 points removed --- 16 32 33 34 36 48 49 50 52 96 112 160 162 164 176 178 180 224 240 
[-1, 8, 5, 8, -1, -6, 3, 5, 0]--- 19 points removed --- 4 5 6 8 12 13 14 36 44 128 132 133 134 136 140 141 142 164 172 
[7, 8, -1, 2, 6, 5, -4, -3, 0]--- 19 points removed --- 1 2 3 7 11 17 18 19 32 33 34 35 39 43 49 50 51 55 163 
[3, 5, 7, 7, 1, -8, 1, 4, 0]--- 19 points removed --- 4 5 6 7 12 13 14 15 20 36 68 70 76 78 132 133 134 140 142 
[7, 5, -1, -2, 7, 5, -2, -2, 0]--- 19 points removed --- 1 2 3 16 17 18 19 23 32 33 34 35 48 49 50 51 55 83 115 
[4, 4, 7, 8, -2, -6, 1, 4, 0]--- 19 points removed --- 4 5 6 7 8 10 12 13 14 15 44 68 70 76 78 132 134 140 142 
[7, 5, 5, 8, -2, -1, -2, -2, 0]--- 19 points removed --- 1 2 3 4 5 6 7 8 9 10 11 12 13 14 15 43 47 75 79 
[1, 4, -8, 2, 6, 4, 4, 7, 0]--- 19 points removed --- 32 33 34 36 40 48 50 52 96 112 160 162 164 168 176 178 180 224 240 
[4, 2, -7, -1, 8, 4, 6, 4, 0]--- 19 points removed --- 16 32 33 34 36 48 49 50 52 96 97 100 112 113 116 160 176 224 240 
[4, -7, -1, 2, 6, 4, 8, 4, 0]--- 19 points removed --- 32 64 65 68 72 80 81 84 96 97 100 104 112 113 116 192 208 224 240 
[6, 2, 8, 7, -4, -3, -1, 5, 0]--- 19 points removed --- 2 4 6 8 10 12 13 14 15 30 68 70 72 74 76 78 79 140 142 
[1, 6, 4, 5, 2, -8, 3, 3, 1]--- 19 points removed --- 4 5 6 7 12 13 14 20 36 44 68 132 133 134 140 141 142 148 164 
[4, 4, 7, 8, -6, -2, 1, 4, 0]--- 19 points removed --- 4 6 8 9 10 11 12 13 14 15 44 72 74 76 78 136 138 140 142 
[1, 4, -6, -2, 8, 3, 5, 7, 0]--- 19 points removed --- 16 32 34 36 48 49 50 52 96 112 116 144 160 164 176 178 180 224 240 
[1, 7, 4, 8, -6, -2, 4, 4, 0]--- 19 points removed --- 4 8 9 10 12 13 14 40 44 76 132 136 137 138 140 141 142 168 172 
[4, 4, 6, 8, -1, -7, 2, 4, 0]--- 19 points removed --- 4 5 6 7 8 12 13 14 15 36 44 68 70 76 78 132 134 140 142 
[3, -7, 1, 2, 5, 4, 6, 3, 0]--- 19 points removed --- 64 65 66 68 72 80 81 84 96 97 100 104 112 113 192 193 208 224 240 
[8, 8, 2, 3, 5, 2, -4, -4, 0]--- 19 points removed --- 1 2 3 5 6 7 11 15 17 18 19 23 33 34 35 39 43 51 55 
[3, 1, -2, -6, 8, 4, 7, 5, 0]--- 19 points removed --- 16 17 20 32 48 49 50 52 80 84 96 112 113 116 144 176 180 208 240 
[3, 4, 6, 8, -1, -6, 1, 3, 0]--- 19 points removed --- 4 5 6 7 8 12 13 14 15 44 68 70 76 78 132 134 140 141 142 
[-2, 4, -6, 1, 7, 4, 4, 8, 0]--- 19 points removed --- 32 34 36 48 50 52 96 112 128 144 160 162 164 168 176 178 180 224 240 
[-6, 3, -1, 1, 6, 4, 3, 7, 0]--- 19 points removed --- 32 128 130 132 144 146 148 160 162 164 168 176 178 180 192 208 224 226 240 
[4, -1, -7, 2, 6, 4, 8, 4, 0]--- 19 points removed --- 32 33 36 40 48 49 52 64 96 97 100 104 112 113 116 160 176 224 240 
[1, 4, -8, 2, 6, 3, 5, 7, 0]--- 19 points removed --- 32 33 34 36 40 48 50 52 96 100 112 160 162 164 168 176 180 224 240 
[2, 6, 4, 7, 1, -8, 4, 4, 0]--- 19 points removed --- 4 5 6 12 13 14 20 36 44 68 76 132 133 134 140 141 142 164 172 
[-2, 8, 4, 7, 1, -6, 4, 4, 0]--- 19 points removed --- 4 5 6 12 13 14 36 44 128 132 133 134 136 140 141 142 148 164 172 
[-7, 8, 3, 6, 2, -1, 5, 4, 0]--- 19 points removed --- 4 128 129 130 132 133 134 136 137 140 141 142 144 148 160 164 165 168 172 
[8, -3, -2, 1, 7, -3, 5, 7, 0]--- 19 points removed --- 4 20 32 36 48 52 64 68 70 80 84 96 100 101 102 108 112 116 118 
[-1, 4, -7, 2, 6, 4, 4, 8, 0]--- 19 points removed --- 32 34 36 40 48 50 52 96 112 128 160 162 164 168 176 178 180 224 240 
[3, 1, -6, -1, 7, 3, 6, 4, 0]--- 19 points removed --- 16 32 33 36 48 49 50 52 96 97 100 112 113 116 160 176 180 224 240 
[2, 4, -1, -7, 8, 4, 4, 6, 0]--- 19 points removed --- 16 17 18 20 32 48 49 50 52 80 112 144 146 148 176 178 180 208 240 
[1, 3, -2, -6, 8, 4, 5, 7, 0]--- 19 points removed --- 16 18 20 32 48 49 50 52 80 112 116 144 148 160 176 178 180 208 240 
[7, 8, -2, 1, 7, 5, -3, -3, 0]--- 19 points removed --- 1 2 3 7 17 18 19 32 33 34 35 39 43 48 49 50 51 55 163 
[4, -2, -6, 1, 7, 4, 8, 4, 0]--- 19 points removed --- 32 33 36 48 49 52 64 80 96 97 100 104 112 113 116 160 176 224 240 
[-2, 4, -6, 1, 7, 5, 3, 8, 0]--- 19 points removed --- 32 34 36 48 50 96 112 128 144 160 162 164 168 176 178 180 224 226 240 
[3, -8, 1, 1, 6, 4, 6, 3, 1]--- 19 points removed --- 64 65 66 68 72 80 81 84 96 97 100 112 113 116 192 193 208 224 240 
[4, -6, -1, 1, 6, 3, 7, 3, 0]--- 19 points removed --- 32 64 65 68 80 81 84 96 97 100 101 104 112 113 116 192 208 224 240 
[4, 5, 7, 8, -6, -2, 1, 3, 0]--- 19 points removed --- 4 6 8 9 10 11 12 13 14 15 44 72 76 78 136 138 140 141 142 
[-7, 4, 1, 1, 6, 3, 3, 6, 0]--- 19 points removed --- 128 129 130 132 134 136 144 146 148 160 162 164 176 178 180 192 208 224 240 
[-1, 8, 3, 6, 1, -6, 4, 3, 0]--- 19 points removed --- 4 5 6 12 13 14 36 44 128 132 133 134 140 141 142 148 164 165 172 
[-8, 7, 4, 6, 2, 1, 4, 4, 0]--- 19 points removed --- 128 129 130 132 133 134 136 137 138 140 141 142 144 148 160 164 168 172 192 
[4, 2, -1, -7, 8, 4, 6, 4, 0]--- 19 points removed --- 16 17 18 20 32 48 49 50 52 80 81 84 112 113 116 144 176 208 240 
[1, 7, 5, 8, -6, -2, 4, 3, 0]--- 19 points removed --- 4 8 9 10 12 13 14 15 40 44 76 132 136 137 138 140 141 142 172 
[7, 8, -1, 2, 6, 4, -4, -4, 1]--- 19 points removed --- 1 2 3 7 11 17 18 19 23 33 34 35 39 43 49 50 51 55 163 
[-6, 8, 4, 7, 1, -2, 4, 4, 0]--- 19 points removed --- 4 12 128 129 130 132 133 134 136 137 138 140 141 142 148 160 164 168 172 
[-5, 8, 3, 6, 1, -2, 4, 3, 0]--- 19 points removed --- 4 12 128 129 130 132 133 134 136 137 140 141 142 148 160 164 165 168 172 
[3, 4, 6, 8, -2, -5, 1, 3, 0]--- 19 points removed --- 4 5 6 7 8 10 12 13 14 15 44 68 76 78 132 134 140 141 142 
[-6, 4, -2, 1, 7, 4, 4, 8, 0]--- 19 points removed --- 32 48 128 130 132 144 146 148 160 162 164 168 176 178 180 192 208 224 240 
[1, 6, 4, 7, -2, -5, 3, 3, 0]--- 19 points removed --- 4 5 6 8 12 13 14 15 36 44 76 132 133 134 136 140 141 142 172 
[-2, 8, 4, 7, 1, -6, 5, 3, 0]--- 19 points removed --- 4 5 6 12 13 36 44 128 132 133 134 136 140 141 142 148 164 165 172 
[4, -6, -2, 1, 7, 4, 8, 4, 0]--- 19 points removed --- 32 48 64 65 68 80 81 84 96 97 100 104 112 113 116 192 208 224 240 
[3, 1, -1, -7, 8, 4, 7, 5, 0]--- 19 points removed --- 16 17 20 32 48 49 50 52 80 81 84 112 113 116 144 176 180 208 240 
[1, 6, 4, 6, 1, -7, 3, 3, 0]--- 19 points removed --- 4 5 6 7 12 13 14 20 36 44 68 132 133 134 140 141 142 164 172 
[1, 7, 4, 8, -2, -6, 4, 4, 0]--- 19 points removed --- 4 5 6 8 12 13 14 36 44 76 132 133 134 136 140 141 142 164 172 
[-1, 3, -7, 1, 7, 5, 4, 8, 0]--- 19 points removed --- 32 34 36 48 50 52 96 112 128 160 162 164 168 176 178 180 224 226 240 
[4, 1, -6, -2, 8, 4, 7, 4, 0]--- 19 points removed --- 16 32 33 36 48 49 50 52 80 96 97 100 112 113 116 160 176 224 240 
[1, 6, 4, 7, -1, -6, 3, 3, 0]--- 19 points removed --- 4 5 6 8 12 13 14 15 36 44 76 132 133 134 140 141 142 164 172 
[-7, 4, -1, 2, 6, 4, 4, 8, 0]--- 19 points removed --- 32 128 130 132 136 144 146 148 160 162 164 168 176 178 180 192 208 224 240 
[4, 2, -8, 1, 7, 4, 6, 4, 0]--- 19 points removed --- 32 33 34 36 40 48 49 50 52 96 97 100 112 113 116 160 176 224 240 
[4, 1, -8, 2, 6, 4, 7, 4, 0]--- 19 points removed --- 32 33 34 36 40 48 49 52 96 97 100 104 112 113 116 160 176 224 240 
[2, 6, 4, 8, -7, -1, 4, 4, 0]--- 19 points removed --- 4 8 9 10 12 13 14 40 44 72 76 136 137 138 140 141 142 168 172 
[8, -3, -3, 7, 1, -2, 7, 5, 0]--- 19 points removed --- 4 12 32 36 40 44 64 68 72 76 96 97 100 101 102 104 108 109 116 
[1, 4, -6, -2, 8, 4, 4, 7, 0]--- 19 points removed --- 16 32 34 36 48 49 50 52 96 112 144 160 162 164 176 178 180 224 240 
[1, 7, 4, 6, 2, -8, 4, 4, 0]--- 19 points removed --- 4 5 6 12 13 14 20 36 44 68 132 133 134 140 141 142 148 164 172 
[8, -3, -4, 6, 2, -1, 7, 5, 0]--- 19 points removed --- 4 32 36 40 44 64 68 72 76 96 97 100 101 102 104 108 109 112 116 
[2, 6, 4, 8, -1, -7, 4, 4, 0]--- 19 points removed --- 4 5 6 8 12 13 14 36 44 68 76 132 133 134 140 141 142 164 172 
[2, 4, -8, 1, 7, 4, 4, 6, 0]--- 19 points removed --- 32 33 34 36 40 48 49 50 52 96 112 160 162 164 176 178 180 224 240 
[-7, 4, -1, 2, 6, 5, 3, 8, 0]--- 19 points removed --- 32 128 130 132 136 144 146 160 162 164 168 176 178 180 192 208 224 226 240 
[3, 1, -8, 1, 6, 3, 6, 4, 1]--- 19 points removed --- 32 33 34 36 40 48 49 52 96 97 100 112 113 116 160 164 176 224 240 
[-1, 8, 4, 6, 2, -7, 4, 4, 0]--- 19 points removed --- 4 5 6 12 13 14 20 36 44 128 132 133 134 140 141 142 148 164 172 
[4, 3, 8, 8, 1, -7, -1, 5, 0]--- 18 points removed --- 2 4 5 6 7 12 13 14 15 68 70 76 78 132 134 140 142 198 
[8, 8, 1, 3, 5, 1, -6, -6, 4]--- 18 points removed --- 1 2 3 5 6 7 11 15 19 23 33 34 35 39 43 47 51 55 
[-4, -2, -2, 3, 1, 0, -4, -2, 10]--- 18 points removed --- 163 167 171 175 195 199 203 207 226 227 230 231 234 235 238 239 243 247 
[7, -6, -2, 4, 4, 1, 8, 5, 0]--- 18 points removed --- 32 36 64 65 68 72 76 80 84 96 97 100 101 104 108 112 116 224 
[3, 3, 7, 7, 1, -1, -6, 4, 0]--- 18 points removed --- 2 3 4 6 7 10 11 14 15 66 70 74 78 130 134 138 142 198 
[8, -1, 1, -3, 6, 8, 4, -3, 0]--- 18 points removed --- 1 16 17 19 33 48 49 51 64 65 80 81 83 89 97 112 113 115 
[-5, -6, 0, -1, 6, -3, -4, -3, 16]--- 18 points removed --- 87 119 195 197 198 199 211 213 214 215 227 229 230 231 243 245 246 247 
[-4, 7, 2, 4, 3, -3, 5, 2, 0]--- 18 points removed --- 4 5 36 128 129 132 133 134 136 140 141 148 149 160 164 165 172 180 
[7, -3, 6, 6, 2, -4, -1, 8, 0]--- 18 points removed --- 2 4 6 12 14 64 66 68 70 72 74 76 78 84 86 100 102 198 
[-7, -3, -3, 5, 1, -1, -5, -3, 16]--- 18 points removed --- 163 167 171 175 195 199 203 207 226 227 229 230 231 234 235 238 239 247 
[1, 5, -8, 4, 4, 2, 6, 7, 0]--- 18 points removed --- 32 33 34 36 40 44 48 52 96 100 160 162 164 168 172 176 180 224 
[8, -2, -1, 4, 4, -5, 6, 7, 0]--- 18 points removed --- 4 12 20 32 36 44 52 64 68 70 76 84 96 100 101 102 108 116 
[-3, 2, 8, 8, 1, 1, 8, -3, 0]--- 18 points removed --- 1 5 9 13 65 128 129 132 133 136 137 140 141 192 193 197 201 205 
[7, -4, -4, 2, 6, 5, 8, 1, 0]--- 18 points removed --- 32 33 48 49 64 65 80 81 96 97 100 101 104 105 112 113 116 224 
[1, 2, -4, -4, 8, 5, 6, 7, 0]--- 18 points removed --- 16 32 48 49 50 52 80 96 112 116 144 160 176 178 180 208 224 240 
[-2, 8, 5, 8, -2, -4, 3, 5, 0]--- 18 points removed --- 4 6 8 12 13 14 44 128 132 133 134 136 138 140 141 142 164 172 
[8, -2, 1, -3, 7, 8, 5, -3, 0]--- 18 points removed --- 1 16 17 19 33 48 49 64 65 80 81 83 89 96 97 112 113 115 
[6, -4, -4, 1, 7, 5, 8, 2, 0]--- 18 points removed --- 32 33 48 49 64 65 80 81 96 97 100 101 104 112 113 116 224 240 
[-4, -4, 0, 1, 3, -2, -2, -2, 10]--- 18 points removed --- 195 197 198 199 207 211 213 214 215 227 229 230 231 239 243 245 246 247 
[8, -2, 8, 7, -3, 1, -3, 5, 0]--- 18 points removed --- 2 6 8 10 11 12 14 64 66 68 70 72 74 75 76 78 79 90 
[-3, 5, 8, 7, -2, 1, 8, -3, 0]--- 18 points removed --- 1 5 8 9 12 13 128 129 132 133 136 137 140 141 153 193 201 205 
[2, 3, -4, -4, 8, 3, 5, 6, 0]--- 18 points removed --- 16 20 32 36 48 49 50 52 80 96 112 116 144 160 176 178 180 240 
[-8, -4, -1, 1, 4, -2, -3, -2, 15]--- 18 points removed --- 167 195 197 198 199 211 214 215 226 227 229 230 231 239 243 245 246 247 
[3, 2, -4, -4, 8, 3, 6, 5, 0]--- 18 points removed --- 16 20 32 36 48 49 50 52 80 96 112 113 116 144 160 176 180 240 
[-2, 5, -2, -4, 8, 3, 5, 8, 0]--- 18 points removed --- 16 20 32 48 50 52 112 128 144 146 148 160 164 176 178 180 208 240 
[-4, 8, 5, 8, -2, -2, 3, 5, 0]--- 18 points removed --- 4 8 12 14 128 130 132 133 134 136 137 138 140 141 142 164 168 172 
[1, 5, -4, -4, 8, 2, 6, 7, 0]--- 18 points removed --- 16 20 32 36 48 49 50 52 112 116 144 148 160 164 176 178 180 240 
[-4, 3, -2, -2, 8, 5, 5, 8, 0]--- 18 points removed --- 16 32 48 112 128 144 146 148 160 162 164 176 178 180 192 208 224 240 
[3, 3, 5, 5, 1, 1, -6, 3, 0]--- 18 points removed --- 2 3 6 7 10 11 14 15 18 34 66 70 74 78 130 134 138 142 
[7, -3, -3, 2, 5, -1, 6, 5, 0]--- 18 points removed --- 4 32 36 48 52 64 68 80 84 96 97 100 101 102 104 108 112 116 
[-2, 5, -2, -4, 8, 5, 3, 8, 0]--- 18 points removed --- 16 18 32 48 50 52 112 128 144 146 148 160 162 176 178 180 208 240 
[5, -2, -2, -4, 8, 5, 8, 3, 0]--- 18 points removed --- 16 17 32 48 49 52 64 80 81 84 96 97 112 113 116 176 208 240 
[8, -1, 8, 7, -3, 1, -4, 5, 0]--- 18 points removed --- 2 6 8 10 11 12 14 15 64 66 70 72 74 75 76 78 79 90 
[-2, 3, -2, -4, 8, 5, 5, 8, 0]--- 18 points removed --- 16 32 48 50 52 80 112 128 144 146 148 160 176 178 180 208 224 240 
[-1, 8, 2, 4, 4, -7, 6, 5, 0]--- 18 points removed --- 4 5 6 12 20 36 44 52 128 132 133 134 140 148 164 165 172 180 
[-6, 8, 1, 4, 4, -2, 7, 5, 0]--- 18 points removed --- 4 36 128 129 132 133 134 136 140 144 148 160 164 165 168 172 176 180 
[-3, 6, 5, 5, 2, -3, 8, -1, 0]--- 18 points removed --- 1 4 5 12 13 128 129 132 133 136 137 140 141 148 149 164 165 197 
[-2, 5, -4, -2, 8, 5, 3, 8, 0]--- 18 points removed --- 16 32 34 48 50 52 112 128 144 146 160 162 164 176 178 180 224 240 
[3, -2, -2, -4, 8, 5, 8, 5, 0]--- 18 points removed --- 16 32 48 49 52 64 80 81 84 96 112 113 116 144 176 208 224 240 
[5, 6, 7, 8, -4, -4, 1, 2, 0]--- 18 points removed --- 4 5 6 7 8 9 10 11 12 13 14 15 44 76 78 140 141 142 
[7, -4, -4, 2, 6, 1, 8, 5, 0]--- 18 points removed --- 32 36 48 52 64 68 80 84 96 97 100 101 104 108 112 113 116 224 
[-4, 5, -2, -2, 8, 3, 5, 8, 0]--- 18 points removed --- 16 32 48 52 128 132 144 146 148 160 162 164 176 178 180 208 224 240 
[-3, 8, -1, 2, 6, -4, 8, 5, 0]--- 18 points removed --- 4 20 32 36 52 128 132 133 140 144 148 160 164 165 172 176 180 181 
[-3, -2, -2, 4, -1, 0, -4, -2, 10]--- 18 points removed --- 107 111 163 167 171 175 195 199 203 207 226 227 230 231 234 235 238 239 
[6, -4, -4, 1, 7, 2, 8, 5, 0]--- 18 points removed --- 32 36 48 52 64 68 80 84 96 97 100 101 104 112 113 116 224 240 
[-3, 8, -2, 1, 7, -3, 8, 5, 0]--- 18 points removed --- 4 20 32 36 48 52 128 132 133 144 148 160 164 165 172 176 180 181 
[2, 1, -4, -4, 8, 5, 7, 6, 0]--- 18 points removed --- 16 32 48 49 50 52 80 96 112 113 116 144 160 176 180 208 224 240 
[8, -2, -5, 4, 4, -1, 7, 6, 0]--- 18 points removed --- 4 32 36 40 44 48 52 64 68 96 97 100 101 102 104 108 112 116 
[3, 4, 8, 8, 1, -6, -2, 5, 0]--- 18 points removed --- 2 4 5 6 7 10 12 14 15 68 70 76 78 132 134 140 142 198 
[-5, -3, -2, 4, 1, -1, -4, -2, 12]--- 18 points removed --- 163 167 175 195 198 199 203 207 226 227 229 230 231 234 235 238 239 247 
[1, 7, 8, 6, -3, -3, -3, 7, 1]--- 18 points removed --- 2 4 6 8 10 12 14 15 30 78 130 132 134 136 138 140 142 158 
[-4, 5, -4, 1, 7, 6, 2, 8, 0]--- 18 points removed --- 32 34 48 50 128 130 144 146 160 162 164 168 176 178 180 224 226 240 
[2, 5, 8, 6, -3, -3, -1, 5, 0]--- 18 points removed --- 2 4 6 8 10 12 13 14 15 30 76 78 132 134 136 138 140 142 
[-2, 8, 3, 4, 4, -6, 5, 3, 0]--- 18 points removed --- 4 5 6 12 20 36 128 132 133 134 140 141 148 149 164 165 172 180 
[5, -2, -4, -2, 8, 3, 8, 5, 0]--- 18 points removed --- 16 32 36 48 49 52 64 80 84 96 97 100 112 113 116 176 224 240 
[7, -2, -6, 4, 4, 1, 8, 5, 0]--- 18 points removed --- 32 33 36 40 44 48 52 64 68 96 97 100 101 104 108 112 116 224 
[-2, 3, -4, -2, 8, 5, 5, 8, 0]--- 18 points removed --- 16 32 48 50 52 96 112 128 144 160 162 164 176 178 180 208 224 240 
[-6, 8, 3, 4, 4, -2, 5, 3, 0]--- 18 points removed --- 4 128 129 130 132 133 134 136 140 141 144 148 149 160 164 165 172 180 
[8, 8, 5, 7, 1, -2, -3, -3, 0]--- 18 points removed --- 1 2 3 4 5 6 7 9 10 11 12 13 14 15 23 35 39 47 
[5, -2, -2, -4, 8, 3, 8, 5, 0]--- 18 points removed --- 16 20 32 48 49 52 64 80 81 84 96 100 112 113 116 176 208 240 
[-6, -5, -1, 1, 5, -3, -3, -3, 15]--- 18 points removed --- 167 195 197 198 199 211 213 214 215 227 229 230 231 239 243 245 246 247 
[-7, 8, 2, 4, 4, -1, 6, 5, 0]--- 18 points removed --- 4 128 129 130 132 133 134 136 140 144 148 160 164 165 168 172 176 180 
[5, 1, -4, -4, 8, 2, 7, 6, 0]--- 18 points removed --- 16 20 32 36 48 49 50 52 80 84 96 100 112 113 116 176 180 240 
[3, 5, 6, 8, -4, -4, 2, 3, 0]--- 18 points removed --- 4 5 6 8 9 10 12 13 14 15 44 76 78 132 136 140 141 142 
[8, -5, -2, 4, 4, -1, 7, 6, 0]--- 18 points removed --- 4 32 36 64 68 72 76 80 84 96 97 100 101 102 104 108 112 116 
[7, 7, 4, 6, 1, -1, -3, -3, 0]--- 18 points removed --- 1 2 3 4 5 6 7 9 10 11 13 14 15 23 35 39 43 47 
[-2, 8, 5, 8, -4, -2, 5, 3, 0]--- 18 points removed --- 4 8 9 12 13 14 44 128 132 133 136 137 138 140 141 142 168 172 
[5, -2, -4, -2, 8, 5, 8, 3, 0]--- 18 points removed --- 16 32 33 48 49 52 64 80 81 96 97 100 112 113 116 176 224 240 
[3, 2, -8, 4, 4, 3, 6, 5, 0]--- 18 points removed --- 32 33 34 36 40 44 48 52 96 97 100 104 112 160 164 168 176 224 
[-2, 8, 3, 8, -4, -2, 5, 5, 0]--- 18 points removed --- 4 8 12 13 14 40 44 128 132 136 137 138 140 141 142 164 168 172 
[6, -3, -4, 3, 4, 2, 8, 2, 0]--- 18 points removed --- 32 33 36 48 64 65 68 96 97 100 101 104 105 108 112 113 116 224 
[3, -2, -4, -2, 8, 5, 8, 5, 0]--- 18 points removed --- 16 32 48 49 52 64 80 96 97 100 112 113 116 160 176 208 224 240 
[-8, 5, 2, 4, 4, 3, 3, 6, 0]--- 18 points removed --- 128 129 130 132 134 136 138 140 144 146 148 160 162 164 168 176 192 224 
[-4, 5, -2, -2, 8, 5, 3, 8, 0]--- 18 points removed --- 16 32 48 50 128 130 144 146 148 160 162 164 176 178 180 208 224 240 
[-4, 3, -4, 2, 6, 5, 3, 8, 0]--- 18 points removed --- 32 34 48 96 128 130 144 160 162 164 168 176 178 180 192 224 226 240 
[6, -4, -4, 3, 5, 3, 8, 2, 0]--- 18 points removed --- 32 33 36 48 64 65 68 80 96 97 100 101 104 105 112 113 116 224 
[5, -2, -6, 4, 4, 3, 8, 3, 0]--- 18 points removed --- 32 33 36 40 48 64 96 97 100 101 104 105 108 112 113 116 160 224 
[-2, 8, 3, 8, -2, -4, 5, 5, 0]--- 18 points removed --- 4 8 12 13 14 36 44 128 132 133 134 136 140 141 142 164 168 172 
[3, 4, 8, 8, 1, -2, -6, 5, 0]--- 18 points removed --- 2 3 4 6 7 10 12 14 15 66 70 74 78 130 134 138 142 198 
[7, -3, -5, 4, 4, 3, 8, 2, 0]--- 18 points removed --- 32 33 36 40 48 64 65 96 97 100 101 104 105 108 112 113 116 224 
[5, -4, -3, 3, 4, 2, 7, 2, 0]--- 18 points removed --- 32 33 36 64 65 68 80 96 97 100 101 104 105 108 112 113 116 224 
[-2, 5, -4, -2, 8, 3, 5, 8, 0]--- 18 points removed --- 16 32 36 48 50 52 112 128 144 148 160 162 164 176 178 180 224 240 
[-4, 8, 5, 8, -2, -2, 5, 3, 0]--- 18 points removed --- 4 8 12 13 128 129 132 133 134 136 137 138 140 141 142 164 168 172 
[8, -3, -3, 4, 4, -2, 6, 5, 0]--- 18 points removed --- 4 32 36 44 52 64 68 76 84 96 97 100 101 102 104 108 112 116 
[-2, 8, 1, 4, 4, -6, 7, 5, 0]--- 18 points removed --- 4 5 12 20 36 44 52 128 132 133 134 140 148 160 164 165 172 180 
[-4, 2, -4, 1, 7, 6, 5, 8, 0]--- 18 points removed --- 32 48 96 112 128 144 160 162 164 168 176 178 180 192 208 224 226 240 
[-3, 4, 8, 6, -1, 1, 8, -3, 0]--- 18 points removed --- 1 5 8 9 13 128 129 132 133 136 137 140 141 153 193 197 201 205 
[-8, 7, 2, 4, 4, 1, 5, 6, 0]--- 18 points removed --- 128 129 130 132 133 134 136 140 144 148 160 162 164 168 172 176 180 192 
[6, -5, -3, 4, 4, 3, 8, 2, 0]--- 18 points removed --- 32 33 64 65 68 72 80 96 97 100 101 104 105 108 112 113 116 224 
[3, -4, -2, -2, 8, 5, 8, 5, 0]--- 18 points removed --- 16 32 48 64 80 81 84 96 97 100 112 113 116 176 192 208 224 240 
[-3, 8, -1, 1, 7, -4, 8, 5, 0]--- 18 points removed --- 4 20 32 36 52 128 132 133 144 148 149 160 164 165 172 176 180 181 
[2, 6, 8, 7, -1, -3, -4, 6, 0]--- 18 points removed --- 2 4 6 7 8 10 12 14 15 30 70 78 130 132 134 138 140 142 
[5, -4, -4, 2, 7, 3, 8, 3, 0]--- 18 points removed --- 32 33 36 48 64 65 68 80 96 97 100 101 104 112 113 116 224 240 
[1, 7, 6, 8, -4, -4, 5, 2, 0]--- 18 points removed --- 4 5 8 9 12 13 14 15 44 76 132 133 136 137 140 141 142 172 
[-4, 8, 5, 6, 2, -4, 7, 1, 0]--- 18 points removed --- 4 5 12 13 128 129 132 133 134 136 137 140 141 148 149 164 165 172 
[2, 6, 7, 8, -4, -4, 1, 5, 0]--- 18 points removed --- 4 6 8 10 12 13 14 15 44 76 78 132 134 136 138 140 141 142 
[5, 1, -8, 4, 4, 2, 7, 6, 0]--- 18 points removed --- 32 33 34 36 40 44 48 52 96 97 100 104 108 112 116 160 164 224 
[6, -4, -4, 3, 5, 2, 8, 3, 0]--- 18 points removed --- 32 33 36 48 64 65 68 80 96 97 100 101 104 108 112 113 116 224 
[2, 3, -8, 4, 4, 3, 5, 6, 0]--- 18 points removed --- 32 33 34 36 40 44 48 52 96 100 104 112 160 162 164 168 176 224 
[8, -3, -2, 4, 4, -3, 5, 6, 0]--- 18 points removed --- 4 32 36 44 52 64 68 70 76 84 96 100 101 102 104 108 112 116 
[-2, 8, 5, 8, -2, -4, 5, 3, 0]--- 18 points removed --- 4 5 8 12 13 14 44 128 132 133 134 136 137 140 141 142 164 172 
[-3, 8, 3, 4, 4, -5, 6, 2, 0]--- 18 points removed --- 4 5 12 20 36 128 129 132 133 134 140 141 148 149 164 165 172 180 
[5, -4, -2, -2, 8, 5, 8, 3, 0]--- 18 points removed --- 16 32 48 49 64 65 80 81 84 96 97 100 112 113 116 208 224 240 
[5, -4, -2, -2, 8, 3, 8, 5, 0]--- 18 points removed --- 16 32 48 52 64 68 80 81 84 96 97 100 112 113 116 208 224 240 
[6, -1, -7, 4, 4, 2, 8, 5, 0]--- 18 points removed --- 32 33 36 40 44 48 52 64 96 97 100 101 104 108 112 116 160 224 
[8, 8, 4, 5, 2, -1, -3, -3, 0]--- 18 points removed --- 1 2 3 4 5 6 7 9 10 11 13 14 15 19 23 35 39 47 
[7, -5, -3, 4, 4, 2, 8, 3, 0]--- 18 points removed --- 32 36 64 65 68 72 80 96 97 100 101 104 105 108 112 113 116 224 
[7, -3, -5, 4, 4, 2, 8, 3, 0]--- 18 points removed --- 32 33 36 40 48 64 68 96 97 100 101 104 105 108 112 113 116 224 
[8, -3, -1, 5, 2, -3, 5, 6, 0]--- 18 points removed --- 4 12 32 36 44 64 68 70 72 76 84 96 100 101 102 104 108 116 
[2, 5, 8, 6, -3, -1, -3, 5, 0]--- 18 points removed --- 2 4 6 8 10 11 12 14 15 30 74 78 130 134 136 138 140 142 
[2, 6, 5, 8, -4, -4, 3, 3, 0]--- 18 points removed --- 4 5 6 8 9 10 12 13 14 15 44 76 132 136 140 141 142 172 
[6, -7, -1, 4, 4, 2, 8, 5, 0]--- 18 points removed --- 32 64 65 68 72 76 80 84 96 97 100 101 104 108 112 116 192 224 
[-2, 8, 5, 8, -4, -2, 3, 5, 0]--- 18 points removed --- 4 8 10 12 13 14 44 128 132 134 136 137 138 140 141 142 168 172 
[1, 7, 6, 8, -4, -4, 2, 5, 0]--- 18 points removed --- 4 6 8 10 12 13 14 15 44 76 132 134 136 138 140 141 142 172 
[-3, 8, 2, 4, 4, -5, 7, 3, 0]--- 18 points removed --- 4 5 12 20 36 128 132 133 134 140 141 148 149 160 164 165 172 180 
[-8, 6, 1, 4, 4, 2, 5, 7, 0]--- 18 points removed --- 128 129 130 132 134 136 140 144 148 160 162 164 168 172 176 180 192 224 
[5, -6, -2, 4, 4, 3, 8, 3, 0]--- 18 points removed --- 32 64 65 68 72 80 96 97 100 101 104 105 108 112 113 116 192 224 
[-4, 8, 2, 7, 1, -4, 6, 5, 0]--- 18 points removed --- 4 12 36 44 128 132 133 134 136 140 141 142 148 160 164 165 168 172 
[-4, 8, 3, 6, 2, -4, 5, 3, 0]--- 18 points removed --- 4 5 12 36 128 129 132 133 134 136 140 141 142 148 160 164 165 172 
[-8, 7, 3, 4, 4, 2, 3, 5, 0]--- 18 points removed --- 128 129 130 132 133 134 136 138 140 144 146 148 160 162 164 168 176 192 
[8, -5, -1, 4, 4, -2, 6, 7, 0]--- 18 points removed --- 4 32 36 64 68 70 72 76 80 84 96 100 101 102 104 108 112 116 
[-4, 8, 1, 6, 2, -4, 7, 5, 0]--- 18 points removed --- 4 12 36 44 128 132 133 134 136 140 141 148 160 164 165 168 172 180 
[-3, 7, 2, 4, 3, -4, 6, 2, 0]--- 18 points removed --- 4 5 12 36 128 129 132 133 134 140 141 148 149 160 164 165 172 180 
[-4, 8, 3, 8, -2, -2, 5, 5, 0]--- 18 points removed --- 4 8 12 44 128 132 133 134 136 137 138 140 141 142 160 164 168 172 
[-4, 8, 5, 7, 1, -4, 6, 2, 0]--- 18 points removed --- 4 5 12 13 128 129 132 133 134 136 137 140 141 142 148 164 165 172 
[-4, 8, 3, 5, 3, -4, 6, 2, 0]--- 18 points removed --- 4 5 12 36 128 129 132 133 134 136 140 141 148 149 160 164 165 172 
[-4, 8, 2, 5, 3, -4, 7, 3, 0]--- 18 points removed --- 4 5 12 36 128 129 132 133 134 136 140 141 148 160 164 165 172 180 
[-5, 8, 2, 4, 4, -3, 7, 3, 0]--- 18 points removed --- 4 36 128 129 132 133 134 136 140 141 144 148 149 160 164 165 172 180 
[-5, 8, 3, 4, 4, -3, 6, 2, 0]--- 18 points removed --- 4 5 128 129 132 133 134 136 140 141 144 148 149 160 164 165 172 180 
[8, -4, -3, 2, 6, 6, 8, -1, 0]--- 17 points removed --- 1 32 33 48 49 64 65 80 81 96 97 100 101 104 105 112 113 
[-2, -2, -1, -3, 6, 8, 8, 8, 0]--- 17 points removed --- 16 32 48 64 80 96 112 128 144 160 176 192 208 216 224 240 248 
[6, -5, -3, 2, 6, 4, 8, 2, 0]--- 17 points removed --- 32 33 48 64 65 68 80 81 96 97 100 101 104 112 113 116 224 
[-1, 5, -3, -3, 7, 5, 2, 7, 0]--- 17 points removed --- 16 18 32 34 48 50 52 112 128 144 146 160 162 176 178 180 240 
[1, 7, 2, 8, -4, -4, 6, 6, 0]--- 17 points removed --- 4 8 12 13 14 36 40 44 76 132 136 140 141 142 164 168 172 
[6, 4, -7, -1, 8, 6, 4, 2, 0]--- 17 points removed --- 16 32 33 34 35 36 48 49 50 51 52 96 97 112 113 160 176 
[3, 6, 6, 8, -5, -2, 3, 1, 0]--- 17 points removed --- 4 5 8 9 10 11 12 13 14 15 44 76 136 137 140 141 142 
[-1, 7, 8, 5, -2, -2, -2, 8, 0]--- 17 points removed --- 2 4 6 8 10 12 14 30 128 130 132 134 136 138 140 142 158 
[-6, 5, 2, 2, 4, 1, 3, 4, 0]--- 17 points removed --- 128 129 130 132 133 134 136 140 144 146 148 160 162 164 176 180 192 
[-5, 6, 2, 2, 4, -1, 4, 3, 0]--- 17 points removed --- 4 128 129 130 132 133 134 136 140 144 148 149 160 164 165 176 180 
[-5, 2, -3, 2, 6, 6, 4, 8, 0]--- 17 points removed --- 32 48 96 128 130 144 160 162 164 168 176 178 192 208 224 226 240 
[-3, 2, -5, 2, 6, 6, 4, 8, 0]--- 17 points removed --- 32 34 48 96 112 128 144 160 162 164 168 176 178 192 224 226 240 
[-8, 6, 1, 3, 5, 5, 2, 7, 0]--- 17 points removed --- 128 129 130 132 134 136 138 144 146 160 162 164 168 176 178 192 224 
[2, 7, 6, 8, -5, -3, 4, 2, 0]--- 17 points removed --- 4 5 8 9 10 12 13 14 15 44 76 132 136 137 140 141 142 
[2, 2, -3, -5, 8, 4, 6, 6, 0]--- 17 points removed --- 16 20 32 48 49 50 52 80 96 112 116 144 160 176 180 208 240 
[-8, 7, 2, 3, 5, 4, 2, 7, 0]--- 17 points removed --- 128 129 130 132 134 136 138 144 146 148 160 162 164 168 176 178 192 
[-8, 6, 1, 5, 3, 3, 4, 7, 0]--- 17 points removed --- 128 129 130 132 134 136 138 140 144 160 162 164 168 172 176 192 224 
[2, -4, -4, 1, 7, 6, 8, 6, 0]--- 17 points removed --- 32 48 64 80 96 97 100 104 112 113 116 160 176 192 208 224 240 
[-1, 6, 2, 2, 4, -5, 4, 3, 0]--- 17 points removed --- 4 5 6 12 20 36 52 128 132 133 134 140 148 149 164 165 180 
[-1, 8, -2, -2, 6, 8, -3, 8, 0]--- 17 points removed --- 2 16 18 32 34 48 50 58 128 130 144 146 160 162 176 178 186 
[-7, -5, -1, 4, 2, -2, -4, -3, 16]--- 17 points removed --- 167 195 197 198 199 203 207 215 226 227 229 230 231 235 238 239 247 
[-7, 6, -1, 4, 4, 2, 6, 8, 0]--- 17 points removed --- 32 128 130 132 136 140 144 148 160 162 164 168 172 176 180 192 224 
[8, -5, 3, 4, 4, -3, 2, 8, 0]--- 17 points removed --- 4 6 64 66 68 70 72 76 78 80 84 86 96 100 102 108 116 
[8, 8, 3, 4, 4, 2, -5, -3, 0]--- 17 points removed --- 1 2 3 5 6 7 10 11 15 18 19 23 34 35 39 43 51 
[7, 8, -1, 4, 4, 2, -6, -6, 5]--- 17 points removed --- 1 2 3 7 11 15 19 23 33 34 35 39 43 47 51 55 163 
[-4, 6, -4, 1, 7, 2, 6, 8, 0]--- 17 points removed --- 32 36 48 52 128 132 144 148 160 162 164 168 176 178 180 224 240 
[-3, 8, 2, 7, 2, -5, 6, 4, 0]--- 17 points removed --- 4 5 12 36 44 128 132 133 134 136 140 141 148 160 164 165 172 
[-6, -5, -1, 2, 4, -2, -4, -3, 15]--- 17 points removed --- 167 195 197 198 199 207 211 215 226 227 229 230 231 239 243 246 247 
[2, -4, -1, -3, 8, 6, 8, 6, 0]--- 17 points removed --- 16 32 48 64 80 81 84 96 112 113 116 144 176 192 208 224 240 
[8, -4, 5, 6, 2, -4, 1, 8, 0]--- 17 points removed --- 4 6 12 14 64 66 68 70 72 74 76 78 84 86 100 102 108 
[-6, 8, 2, 3, 5, -2, 6, 4, 0]--- 17 points removed --- 4 128 129 132 133 134 136 140 144 148 149 160 164 165 172 176 180 
[1, 8, -4, -2, 6, 8, -2, 7, 0]--- 17 points removed --- 2 16 18 32 34 48 50 51 58 130 144 146 160 162 176 178 186 
[-7, -4, -2, 3, 3, -2, -5, -2, 16]--- 17 points removed --- 167 195 198 199 207 215 226 227 229 230 231 235 238 239 243 246 247 
[-1, 6, -7, 4, 4, 2, 6, 8, 0]--- 17 points removed --- 32 34 36 40 44 48 52 96 128 160 162 164 168 172 176 180 224 
[4, 6, 6, 8, -5, -3, 2, 2, 0]--- 17 points removed --- 4 5 6 8 9 10 11 12 13 14 15 44 76 136 140 141 142 
[2, 1, -8, 3, 5, 5, 7, 6, 0]--- 17 points removed --- 32 33 34 36 40 48 96 97 100 104 112 160 164 168 176 224 240 
[-5, -5, 1, 1, 4, -2, -2, -3, 12]--- 17 points removed --- 193 195 197 198 199 207 211 213 214 215 227 229 230 231 243 245 247 
[5, -4, -2, 2, 4, 3, 6, 1, 0]--- 17 points removed --- 32 33 64 65 68 80 81 96 97 100 101 104 105 112 113 116 224 
[5, -1, -3, -3, 8, 5, 7, 2, 0]--- 17 points removed --- 16 17 32 33 48 49 52 64 80 81 96 97 112 113 116 176 240 
[-3, 4, -5, 2, 6, 7, 2, 8, 0]--- 17 points removed --- 32 34 48 50 96 128 130 144 160 162 164 168 176 178 224 226 240 
[6, -3, -5, 2, 6, 4, 8, 2, 0]--- 17 points removed --- 32 33 36 48 49 64 65 80 96 97 100 101 104 112 113 116 224 
[-4, 6, -1, -3, 8, 6, 2, 8, 0]--- 17 points removed --- 16 18 32 48 50 128 130 144 146 148 160 162 176 178 180 208 240 
[2, -2, -2, 5, -6, -1, -4, -7, 16]--- 17 points removed --- 11 15 43 47 75 79 105 107 109 111 127 171 175 203 207 235 239 
[6, 4, -1, -7, 8, 6, 4, 2, 0]--- 17 points removed --- 16 17 18 19 20 32 48 49 50 51 52 80 81 112 113 144 176 
[8, -2, -2, 5, 3, -4, 6, 6, 0]--- 17 points removed --- 4 12 32 36 44 52 64 68 76 84 96 100 101 102 104 108 116 
[5, -7, -1, 5, 3, 3, 8, 4, 0]--- 17 points removed --- 32 64 65 68 72 76 80 96 97 100 101 104 105 108 112 192 224 
[2, 6, 6, 8, -3, -5, 4, 2, 0]--- 17 points removed --- 4 5 6 8 9 12 13 14 15 44 76 132 133 136 140 141 142 
[5, -3, -1, -3, 7, 5, 7, 2, 0]--- 17 points removed --- 16 17 32 48 49 64 65 80 81 84 96 97 112 113 116 208 240 
[6, -5, -2, 3, 4, 4, 8, 1, 0]--- 17 points removed --- 32 33 64 65 68 72 80 81 96 97 100 101 104 105 112 113 224 
[8, 8, 2, 4, 4, 3, -5, -3, 0]--- 17 points removed --- 1 2 3 6 7 10 11 15 18 19 23 33 34 35 39 43 51 
[6, 1, -4, -4, 8, 6, 7, 2, 0]--- 17 points removed --- 16 17 32 33 48 49 50 52 80 81 96 97 112 113 116 176 240 
[6, -3, -4, -1, 8, 6, 8, 2, 0]--- 17 points removed --- 16 32 33 48 49 64 65 80 81 96 97 100 112 113 116 224 240 
[-3, 8, 6, 8, -4, -1, 2, 6, 0]--- 17 points removed --- 4 8 10 12 14 128 130 132 134 136 137 138 140 141 142 168 172 
[6, -2, -6, 3, 5, 2, 8, 4, 0]--- 17 points removed --- 32 33 36 40 48 52 64 96 97 100 101 104 108 112 113 116 224 
[-7, -4, -2, 2, 4, -1, -5, -3, 16]--- 17 points removed --- 163 167 195 198 199 211 215 226 227 229 230 231 235 239 243 246 247 
[4, 6, -8, 1, 7, 6, 2, 4, 0]--- 17 points removed --- 32 33 34 35 36 40 48 49 50 51 52 96 112 160 162 176 178 
[8, -4, 2, 5, 3, -4, 3, 8, 0]--- 17 points removed --- 4 6 12 36 64 66 68 70 72 76 78 84 96 100 102 108 116 
[6, -7, -1, 3, 5, 5, 8, 2, 0]--- 17 points removed --- 32 64 65 68 72 80 81 96 97 100 101 104 105 112 113 192 224 
[6, 4, -8, 1, 7, 6, 4, 2, 0]--- 17 points removed --- 32 33 34 35 36 40 48 49 50 51 52 96 97 112 113 160 176 
[6, -1, -7, 4, 5, 5, 8, 2, 0]--- 17 points removed --- 32 33 36 40 48 49 64 96 97 100 101 104 105 112 113 160 224 
[7, -3, -6, 3, 5, 4, 8, 1, 1]--- 17 points removed --- 32 33 36 48 49 64 65 96 97 100 101 104 105 112 113 116 224 
[6, -3, -5, 2, 6, 2, 8, 4, 0]--- 17 points removed --- 32 33 36 48 52 64 68 80 96 97 100 101 104 112 113 116 224 
[6, -2, -6, 3, 5, 4, 8, 2, 0]--- 17 points removed --- 32 33 36 40 48 49 64 96 97 100 101 104 105 112 113 116 224 
[6, -7, -2, 3, 5, 4, 8, 2, 1]--- 17 points removed --- 32 64 65 68 72 80 81 96 97 100 101 104 105 112 113 116 224 
[1, 3, -6, 4, 2, 2, 4, 5, 0]--- 17 points removed --- 32 33 34 36 40 44 48 96 100 104 160 162 164 168 172 176 224 
[4, 6, 6, 8, -3, -5, 2, 2, 0]--- 17 points removed --- 4 5 6 7 8 9 10 12 13 14 15 44 76 132 140 141 142 
[-8, 7, 5, 5, 3, 1, 2, 6, 0]--- 17 points removed --- 128 129 130 132 133 134 136 138 140 142 144 146 148 160 162 164 192 
[-8, 6, 2, 3, 5, 2, 4, 6, 0]--- 17 points removed --- 128 129 130 132 134 136 140 144 146 148 160 162 164 168 176 180 192 
[-5, 4, -3, 2, 6, 6, 2, 8, 0]--- 17 points removed --- 32 34 48 128 130 144 146 160 162 164 168 176 178 192 224 226 240 
[3, 6, 6, 7, -2, -5, 3, 1, 0]--- 17 points removed --- 4 5 6 7 8 9 12 13 14 15 44 76 132 133 140 141 142 
[-6, -2, -3, 4, 1, 1, -8, -2, 16]--- 17 points removed --- 162 163 167 171 175 195 199 203 226 227 230 231 234 235 238 239 243 
[-2, 7, 4, 4, 3, -5, 6, 1, 0]--- 17 points removed --- 4 5 12 13 20 36 128 129 132 133 134 140 141 148 149 164 165 
[7, -5, -3, 2, 7, 2, 8, 4, 0]--- 17 points removed --- 32 36 48 64 65 68 80 84 96 97 100 101 104 112 113 116 224 
[6, -3, -1, -4, 8, 2, 8, 6, 0]--- 17 points removed --- 16 20 32 48 52 64 68 80 81 84 96 100 112 113 116 208 240 
[-5, 8, 1, 5, 3, -3, 7, 4, 0]--- 17 points removed --- 4 36 128 129 132 133 134 136 140 141 148 160 164 165 168 172 180 
[2, -1, -3, -4, 8, 6, 8, 6, 0]--- 17 points removed --- 16 32 48 49 52 64 80 96 112 113 116 144 160 176 208 224 240 
[4, 4, 2, 8, -7, -1, 6, 6, 0]--- 17 points removed --- 4 8 9 10 12 13 14 40 44 72 76 104 108 136 140 168 172 
[8, -6, 1, 4, 4, -2, 5, 8, 0]--- 17 points removed --- 4 36 64 66 68 70 72 76 80 84 96 100 102 104 108 112 116 
[6, -1, -7, 5, 3, 3, 8, 4, 0]--- 17 points removed --- 32 33 36 40 44 48 64 96 97 100 101 104 105 108 112 160 224 
[7, -5, -3, 3, 5, 1, 8, 4, 0]--- 17 points removed --- 32 36 64 65 68 80 84 96 97 100 101 104 108 112 113 116 224 
[3, 1, -8, 4, 2, 2, 5, 4, 2]--- 17 points removed --- 32 33 34 36 40 44 48 96 97 100 104 108 112 160 164 168 224 
[1, 6, -4, -4, 8, 6, 2, 7, 0]--- 17 points removed --- 16 18 32 34 48 49 50 52 112 144 146 160 162 176 178 180 240 
[6, 8, -4, 2, 7, 7, -3, -1, 0]--- 17 points removed --- 1 2 3 18 19 32 33 34 35 39 43 48 49 50 51 162 163 
[6, -2, -5, 3, 4, 4, 8, 1, 0]--- 17 points removed --- 32 33 36 40 48 49 64 65 96 97 100 101 104 105 112 113 224 
[8, -2, -2, 3, 5, -4, 6, 6, 0]--- 17 points removed --- 4 20 32 36 44 52 64 68 76 84 96 100 101 102 108 112 116 
[2, -3, -4, -1, 8, 6, 8, 6, 0]--- 17 points removed --- 16 32 48 64 80 96 97 100 112 113 116 160 176 192 208 224 240 
[-1, 8, 2, 8, -3, -4, 6, 6, 0]--- 17 points removed --- 4 8 12 13 14 36 40 44 128 132 136 140 141 142 164 168 172 
[-6, -5, -1, 3, 3, -1, -5, -4, 16]--- 17 points removed --- 167 195 198 199 203 207 211 215 226 227 229 230 231 235 239 243 247 
[8, 8, 3, 4, 4, 2, -3, -5, 0]--- 17 points removed --- 1 2 3 5 6 7 9 11 15 17 19 23 33 35 39 43 51 
[4, 4, 2, 7, 1, -8, 6, 6, 0]--- 17 points removed --- 4 5 6 12 13 14 20 36 44 68 76 100 108 132 140 164 172 
[8, -4, 3, 5, 3, -4, 2, 8, 0]--- 17 points removed --- 4 6 12 36 64 66 68 70 72 76 78 84 86 96 100 102 108 
[-6, 8, 5, 5, 4, -2, 7, 1, 0]--- 17 points removed --- 4 5 128 129 132 133 134 136 137 140 141 144 148 149 160 164 165 
[8, 8, 2, 4, 4, 3, -3, -5, 0]--- 17 points removed --- 1 2 3 5 7 9 11 15 17 19 23 33 34 35 39 43 51 
[-2, 8, 2, 3, 5, -6, 6, 4, 0]--- 17 points removed --- 4 5 12 20 36 52 128 132 133 134 140 148 149 164 165 172 180 
[8, -1, -3, 2, 6, -4, 7, 7, 0]--- 17 points removed --- 4 20 32 36 44 48 52 64 68 84 96 100 101 102 108 112 116 
[7, -2, -6, 2, 6, 1, 8, 5, 0]--- 17 points removed --- 32 33 36 48 52 64 68 96 97 100 101 104 108 112 113 116 224 
[4, 6, -1, -7, 8, 6, 2, 4, 0]--- 17 points removed --- 16 17 18 19 20 32 48 49 50 51 52 80 112 144 146 176 178 
[3, 4, -2, -6, 8, 1, 7, 7, 0]--- 17 points removed --- 16 20 32 36 48 49 50 52 80 84 112 116 144 148 176 180 240 
[5, -2, 5, 5, 1, -2, -2, 6, 0]--- 17 points removed --- 2 4 6 10 12 14 64 66 68 70 72 74 76 78 86 102 198 
[6, -6, -2, 5, 3, 2, 8, 4, 0]--- 17 points removed --- 32 64 65 68 72 76 80 96 97 100 101 104 105 108 112 116 224 
[2, 4, -5, -3, 8, 2, 7, 6, 0]--- 17 points removed --- 16 20 32 36 48 49 50 52 96 112 116 144 160 164 176 180 240 
[6, -3, -4, -1, 8, 2, 8, 6, 0]--- 17 points removed --- 16 32 36 48 52 64 68 80 84 96 97 100 112 113 116 224 240 
[-6, -5, -1, 2, 4, -3, -4, -2, 15]--- 17 points removed --- 167 195 197 198 199 207 214 215 226 227 229 230 231 239 243 246 247 
[-5, 8, 4, 6, 2, -3, 6, 2, 0]--- 17 points removed --- 4 5 12 128 129 132 133 134 136 137 140 141 148 160 164 165 172 
[3, 3, 8, 8, 2, -4, -4, 5, 0]--- 17 points removed --- 2 4 6 7 10 12 14 15 66 68 70 78 130 132 134 142 198 
[5, 2, 8, 8, 1, -4, -4, 6, 0]--- 17 points removed --- 2 4 6 7 10 12 14 15 66 68 70 74 76 78 134 142 198 
[3, 3, -8, 2, 5, 1, 6, 6, 1]--- 17 points removed --- 32 33 34 36 40 44 48 52 96 100 112 116 160 164 176 180 224 
[8, -2, 1, 4, 4, -6, 5, 8, 0]--- 17 points removed --- 4 6 12 20 36 44 52 64 68 70 76 84 96 100 102 108 116 
[6, -8, 1, 4, 4, 2, 7, 6, 0]--- 17 points removed --- 64 65 66 68 72 76 80 84 96 97 100 104 108 112 116 192 224 
[-4, 6, -3, -1, 8, 6, 2, 8, 0]--- 17 points removed --- 16 32 34 48 50 128 130 144 146 160 162 164 176 178 180 224 240 
[7, -4, 2, 4, 3, -3, 2, 8, 0]--- 17 points removed --- 4 6 36 64 66 68 70 72 76 78 84 86 96 100 102 108 116 
[-3, 8, 6, 8, -1, -4, 6, 2, 0]--- 17 points removed --- 4 5 8 12 13 128 129 132 133 134 136 137 140 141 142 164 172 
[-7, -4, -2, 4, 2, -1, -5, -3, 16]--- 17 points removed --- 163 167 195 198 199 203 207 226 227 229 230 231 235 238 239 243 247 
[4, 6, -7, -1, 8, 6, 2, 4, 0]--- 17 points removed --- 16 32 33 34 35 36 48 49 50 51 52 96 112 160 162 176 178 
[8, -3, 2, 4, 4, -5, 3, 8, 0]--- 17 points removed --- 4 6 12 20 36 64 68 70 76 78 84 86 96 100 102 108 116 
[-6, -4, -3, 4, 2, -1, -5, -2, 15]--- 17 points removed --- 163 167 195 198 199 207 226 227 229 230 231 234 235 238 239 243 247 
[-3, 8, 4, 6, 2, -5, 6, 2, 0]--- 17 points removed --- 4 5 12 13 36 128 129 132 133 134 136 140 141 148 164 165 172 
[4, 2, -5, -3, 8, 2, 6, 6, 0]--- 17 points removed --- 16 20 32 36 48 49 50 52 80 96 100 112 116 160 176 180 240 
[-4, 8, -1, 6, 2, -3, 8, 6, 0]--- 17 points removed --- 4 12 32 36 44 128 132 133 136 140 148 160 164 165 168 172 180 
[-7, 8, 4, 5, 3, -2, 7, 2, 1]--- 17 points removed --- 4 128 129 132 133 134 136 137 140 141 144 148 149 160 164 165 172 
[-3, 8, 2, 8, -3, -1, 5, 5, 0]--- 17 points removed --- 4 8 12 40 44 128 132 136 137 138 140 141 142 160 164 168 172 
[-4, 6, -3, -1, 8, 2, 6, 8, 0]--- 17 points removed --- 16 32 36 48 52 128 132 144 148 160 162 164 176 178 180 224 240 
[-6, 8, 4, 4, 3, -1, 5, 2, 0]--- 17 points removed --- 4 128 129 130 132 133 134 136 137 140 141 144 148 149 160 164 165 
[-1, 8, 6, 8, -4, -3, 6, 2, 0]--- 17 points removed --- 4 5 8 9 12 13 14 44 128 132 133 136 137 140 141 142 172 
[4, 2, -8, 5, 3, 2, 6, 7, 0]--- 17 points removed --- 32 33 34 36 40 44 48 52 96 100 104 108 112 160 164 168 224 
[6, -6, -2, 3, 5, 2, 8, 4, 0]--- 17 points removed --- 32 64 65 68 72 80 84 96 97 100 101 104 108 112 113 116 224 
[8, -3, 2, 4, 3, -4, 2, 7, 0]--- 17 points removed --- 4 6 12 36 64 66 68 70 76 78 84 86 96 100 102 108 116 
[2, 4, -8, 5, 3, 2, 6, 6, 0]--- 17 points removed --- 32 33 34 36 40 44 48 52 96 100 104 160 164 168 172 176 224 
[8, -4, 1, 6, 2, -4, 5, 8, 0]--- 17 points removed --- 4 12 36 44 64 68 70 72 76 78 84 96 100 102 104 108 116 
[-1, 7, 4, 4, 3, -6, 5, 2, 0]--- 17 points removed --- 4 5 6 12 13 20 36 128 132 133 134 140 141 148 149 164 165 
[6, 2, 4, 8, -7, -1, 4, 6, 0]--- 17 points removed --- 4 8 9 10 12 13 14 40 44 72 74 76 78 104 108 136 140 
[-1, 5, -3, -3, 7, 2, 5, 7, 0]--- 17 points removed --- 16 20 32 36 48 50 52 112 128 144 148 160 164 176 178 180 240 
[-4, 8, 6, 7, 1, -4, 2, 6, 0]--- 17 points removed --- 4 6 12 14 128 130 132 133 134 136 138 140 141 142 148 164 172 
[2, 2, -8, 3, 5, 4, 6, 6, 0]--- 17 points removed --- 32 33 34 36 40 48 52 96 100 104 112 160 164 168 176 224 240 
[-4, 2, -1, -3, 8, 6, 6, 8, 0]--- 17 points removed --- 16 32 48 80 112 128 144 146 148 160 176 178 180 192 208 224 240 
[8, -2, -4, 5, 3, -2, 7, 6, 0]--- 17 points removed --- 4 32 36 40 44 52 64 68 76 96 100 101 102 104 108 112 116 
[4, 2, -8, 3, 5, 2, 7, 6, 0]--- 17 points removed --- 32 33 34 36 40 44 48 52 96 100 104 112 116 160 164 176 224 
[3, 4, -8, 6, 2, 1, 7, 7, 0]--- 17 points removed --- 32 33 34 36 40 44 48 52 96 100 104 108 160 164 168 172 224 
[1, 7, 2, 4, 4, -8, 6, 6, 0]--- 17 points removed --- 4 5 6 12 20 36 44 52 68 132 133 134 140 148 164 172 180 
[2, 5, 8, 8, 1, -4, -4, 6, 0]--- 17 points removed --- 2 4 6 7 10 12 14 15 70 78 130 132 134 138 140 142 198 
[6, 2, 4, 7, 1, -8, 4, 6, 0]--- 17 points removed --- 4 5 6 12 13 14 20 36 44 68 70 76 78 100 108 132 140 
[8, -2, -4, 3, 5, -2, 7, 6, 0]--- 17 points removed --- 4 32 36 44 48 52 64 68 84 96 100 101 102 104 108 112 116 
[2, 7, 6, 8, -3, -5, 2, 4, 0]--- 17 points removed --- 4 5 6 8 10 12 13 14 15 44 76 132 134 136 140 141 142 
[6, -2, -7, 5, 3, 2, 8, 4, 1]--- 17 points removed --- 32 33 36 40 44 48 64 96 97 100 101 104 105 108 112 116 224 
[-2, 8, -1, 4, 4, -5, 8, 6, 0]--- 17 points removed --- 4 12 20 32 36 44 52 128 132 133 140 148 160 164 165 172 180 
[-5, 8, -1, 4, 4, -2, 8, 6, 0]--- 17 points removed --- 4 32 36 128 132 133 136 140 144 148 160 164 165 168 172 176 180 
[-8, 6, 4, 5, 3, 2, 2, 6, 0]--- 17 points removed --- 128 129 130 132 134 136 138 140 142 144 146 148 160 162 164 168 192 
[3, 3, -5, -2, 8, 1, 6, 6, 0]--- 17 points removed --- 16 20 32 36 48 49 50 52 96 100 112 116 160 164 176 180 240 
[8, -1, -4, 6, 2, -3, 7, 7, 0]--- 17 points removed --- 4 12 32 36 40 44 52 64 68 76 96 100 101 102 104 108 116 
[-1, 8, 5, 8, -3, -3, 2, 5, 0]--- 17 points removed --- 4 6 8 10 12 13 14 44 128 132 134 136 138 140 141 142 172 
[4, 4, 2, 8, -1, -7, 6, 6, 0]--- 17 points removed --- 4 5 6 8 12 13 14 36 44 68 76 100 108 132 140 164 172 
[-6, 8, 2, 5, 3, -2, 6, 4, 0]--- 17 points removed --- 4 128 129 132 133 134 136 140 141 144 148 160 164 165 168 172 180 
[-3, 7, 5, 7, -1, -3, 2, 5, 0]--- 17 points removed --- 4 6 8 12 14 128 130 132 133 134 136 138 140 141 142 164 172 
[-3, 8, 4, 5, 3, -6, 7, 1, 1]--- 17 points removed --- 4 5 12 13 36 128 129 132 133 134 140 141 148 149 164 165 172 
[-3, 2, -3, -1, 7, 5, 5, 7, 0]--- 17 points removed --- 16 32 48 96 112 128 144 160 162 164 176 178 180 192 208 224 240 
[-4, 8, 2, 8, -1, -3, 6, 6, 0]--- 17 points removed --- 4 8 12 36 44 128 132 133 134 136 140 141 142 160 164 168 172 
[6, 2, 4, 8, -1, -7, 4, 6, 0]--- 17 points removed --- 4 5 6 8 12 13 14 36 44 68 70 76 78 100 108 132 140 
[-3, 8, 5, 8, -3, -1, 5, 2, 0]--- 17 points removed --- 4 8 9 12 13 128 129 132 133 136 137 138 140 141 142 168 172 
[2, 6, 7, 8, -5, -3, 2, 4, 0]--- 17 points removed --- 4 6 8 9 10 12 13 14 15 44 76 132 136 138 140 141 142 
[1, 2, -8, 3, 4, 4, 5, 6, 1]--- 17 points removed --- 32 33 34 36 40 48 96 100 104 112 160 162 164 168 176 224 240 
[8, -4, -2, 3, 5, -2, 6, 6, 0]--- 17 points removed --- 4 32 36 52 64 68 76 80 84 96 100 101 102 104 108 112 116 
[-1, 2, -3, -3, 8, 5, 5, 8, 0]--- 17 points removed --- 16 32 48 50 52 80 96 112 128 144 160 176 178 180 208 224 240 
[8, -3, 3, 4, 4, -5, 2, 8, 0]--- 17 points removed --- 4 6 12 20 36 64 66 68 70 76 78 84 86 100 102 108 116 
[2, 4, -8, 3, 5, 2, 6, 7, 0]--- 17 points removed --- 32 33 34 36 40 44 48 52 96 100 112 160 164 168 176 180 224 
[6, 2, 7, 8, -4, -4, 1, 6, 0]--- 17 points removed --- 4 6 8 10 12 13 14 15 44 68 70 72 74 76 78 140 142 
[2, 2, -5, -3, 8, 4, 7, 6, 0]--- 17 points removed --- 16 32 36 48 49 50 52 80 96 112 116 144 160 176 180 224 240 
[-2, 8, 1, 4, 2, -4, 5, 3, 0]--- 17 points removed --- 4 5 12 36 44 128 132 133 134 140 141 148 160 164 165 172 180 
[8, -5, 2, 4, 4, -3, 3, 8, 0]--- 17 points removed --- 4 36 64 66 68 70 72 76 78 80 84 86 96 100 102 108 116 
[-4, 8, 3, 4, 2, -2, 5, 1, 0]--- 17 points removed --- 4 5 128 129 132 133 134 136 137 140 141 148 149 160 164 165 172 
[-4, 6, -1, -3, 8, 2, 6, 8, 0]--- 17 points removed --- 16 20 32 48 52 128 132 144 146 148 160 164 176 178 180 208 240 
[6, -1, 7, 7, 2, -3, -4, 8, 0]--- 17 points removed --- 2 4 6 10 12 14 64 66 68 70 74 76 78 86 102 134 198 
[-3, 8, -2, 4, 4, -3, 8, 5, 0]--- 17 points removed --- 4 32 36 44 52 128 132 133 140 148 160 164 165 168 172 176 180 
[-2, 8, 4, 5, 3, -6, 7, 2, 0]--- 17 points removed --- 4 5 12 13 20 36 128 132 133 134 140 141 148 149 164 165 172 
[-5, 8, 2, 6, 2, -3, 6, 4, 0]--- 17 points removed --- 4 12 36 128 129 132 133 134 136 140 141 148 160 164 165 168 172 
[8, -4, -2, 5, 3, -2, 7, 6, 0]--- 17 points removed --- 4 32 36 44 64 68 72 76 84 96 100 101 102 104 108 112 116 
[5, -1, -3, -3, 7, 2, 8, 5, 0]--- 17 points removed --- 16 20 32 36 48 49 52 64 80 84 96 100 112 113 116 176 240 
[2, 4, -3, -5, 8, 2, 6, 6, 0]--- 17 points removed --- 16 20 32 36 48 49 50 52 80 112 116 144 148 160 176 180 240 
[-8, 6, 2, 5, 3, 2, 4, 7, 0]--- 17 points removed --- 128 129 130 132 134 136 138 140 144 148 160 162 164 168 172 176 192 
[4, 2, -3, -5, 8, 2, 7, 6, 0]--- 17 points removed --- 16 20 32 36 48 49 50 52 80 84 96 112 116 144 176 180 240 
[-2, 8, 2, 5, 3, -7, 7, 4, 1]--- 17 points removed --- 4 5 12 20 36 44 128 132 133 134 140 141 148 164 165 172 180 
[4, 4, 1, 8, -2, -6, 7, 7, 0]--- 16 points removed --- 4 8 12 13 14 36 40 44 68 76 100 108 132 140 164 172 
[6, 8, 8, 7, -3, -4, 2, -1, 0]--- 16 points removed --- 1 4 5 6 7 8 9 10 11 12 13 14 15 29 140 141 
[7, -2, -2, 1, 6, 6, 8, -3, 0]--- 16 points removed --- 1 17 32 33 48 49 64 65 80 81 96 97 101 105 112 113 
[7, 2, -4, -4, 8, 7, 6, 1, 0]--- 16 points removed --- 16 17 32 33 48 49 50 51 52 80 81 96 97 112 113 176 
[5, -2, -2, -2, 8, 5, 6, 1, 0]--- 16 points removed --- 16 17 32 33 48 49 64 65 80 81 96 97 112 113 116 240 
[-3, 1, -6, 4, -1, 0, -5, -6, 16]--- 16 points removed --- 35 39 43 47 107 111 163 167 171 175 187 191 227 231 235 239 
[-6, -7, 1, 4, 2, -2, -3, -4, 16]--- 16 points removed --- 193 195 197 198 199 203 205 207 215 227 229 230 231 235 239 247 
[-7, -5, 0, 3, 3, -1, -4, -4, 16]--- 16 points removed --- 195 197 198 199 203 207 211 215 227 229 230 231 235 239 243 247 
[1, -4, -2, -2, 8, 7, 8, 7, 0]--- 16 points removed --- 16 32 48 64 80 96 112 113 116 144 160 176 192 208 224 240 
[8, 6, 0, -2, 8, 1, -7, -7, 8]--- 16 points removed --- 3 7 17 18 19 23 35 39 49 50 51 55 83 87 115 119 
[3, 8, 6, 5, -4, -1, 3, -1, 0]--- 16 points removed --- 1 4 5 8 9 10 11 12 13 14 15 29 136 137 140 141 
[4, 8, 8, 7, -1, -5, 4, -2, 0]--- 16 points removed --- 1 4 5 6 7 8 9 12 13 14 15 29 132 133 140 141 
[2, 8, 8, 7, -1, -4, 6, -3, 0]--- 16 points removed --- 1 4 5 7 8 9 12 13 15 29 129 132 133 137 140 141 
[-6, -5, -2, 2, 4, -3, -5, -1, 16]--- 16 points removed --- 167 195 198 199 214 215 226 227 229 230 231 238 239 243 246 247 
[-1, -4, 0, -3, 4, -2, -3, -2, 11]--- 16 points removed --- 83 86 87 115 118 119 199 211 213 214 215 231 243 245 246 247 
[8, -6, 2, 3, 5, -2, 4, 8, 0]--- 16 points removed --- 4 64 66 68 70 72 76 80 84 86 96 100 102 108 112 116 
[7, 4, -2, -6, 8, 7, 4, 1, 0]--- 16 points removed --- 16 17 18 19 32 33 48 49 50 51 52 80 81 112 113 176 
[-3, -1, -4, 5, -2, 0, -5, -4, 14]--- 16 points removed --- 43 47 107 111 163 167 171 175 203 207 227 231 234 235 238 239 
[-7, -7, 2, 3, 3, -2, -2, -4, 16]--- 16 points removed --- 193 195 197 198 199 203 205 207 211 213 215 227 229 231 239 247 
[4, 8, -3, -3, 7, 8, -3, 4, 1]--- 16 points removed --- 2 16 18 19 32 34 35 48 49 50 51 58 146 162 176 178 
[-1, -2, -2, 8, -3, 0, -4, -3, 11]--- 16 points removed --- 43 47 75 79 107 111 171 175 203 207 227 231 234 235 238 239 
[6, 1, 0, -5, 6, 4, -2, -5, 6]--- 16 points removed --- 3 17 18 19 23 35 49 50 51 55 81 83 87 113 115 119 
[5, -2, -2, -2, 6, 1, 6, 5, 0]--- 16 points removed --- 16 20 32 36 48 52 64 68 80 84 96 100 112 113 116 240 
[-3, 8, 1, 8, -2, -3, 7, 7, 0]--- 16 points removed --- 4 8 12 36 40 44 128 132 136 140 141 142 160 164 168 172 
[-3, -6, 0, -3, 6, -2, -4, -4, 16]--- 16 points removed --- 83 87 115 119 195 199 211 213 214 215 227 231 243 245 246 247 
[3, 8, -2, -2, 6, 8, -4, 5, 0]--- 16 points removed --- 2 16 18 19 32 34 35 48 50 51 58 130 146 162 176 178 
[3, 6, 6, 4, -2, -2, 3, -2, 0]--- 16 points removed --- 1 4 5 7 8 9 11 12 13 14 15 29 133 137 140 141 
[-3, 7, -3, 1, 8, 8, -3, 7, 1]--- 16 points removed --- 2 18 32 34 48 50 128 130 144 146 160 162 163 176 178 226 
[5, 8, 8, 6, -2, -4, 3, -2, 0]--- 16 points removed --- 1 4 5 6 7 8 9 11 12 13 14 15 29 133 140 141 
[6, -2, 1, 4, 2, -4, 3, 6, 0]--- 16 points removed --- 4 6 12 36 44 64 68 70 76 78 84 96 100 102 108 116 
[5, 7, -3, -3, 6, 8, -1, 2, 0]--- 16 points removed --- 2 16 17 18 19 32 33 34 35 48 49 50 51 58 176 178 
[3, 6, -1, -4, 5, 6, -1, 3, 0]--- 16 points removed --- 2 16 17 18 19 32 34 48 49 50 51 58 144 146 176 178 
[8, 4, 3, 8, -4, 0, -5, -5, 6]--- 16 points removed --- 3 7 9 10 11 13 14 15 35 39 43 47 75 79 107 111 
[-1, 8, -3, 2, 6, -4, 8, 7, 0]--- 16 points removed --- 4 20 32 36 44 48 52 128 132 148 160 164 165 172 176 180 
[-6, -7, 1, 2, 4, -3, -2, -4, 16]--- 16 points removed --- 193 195 197 198 199 207 211 213 215 227 229 230 231 239 245 247 
[-6, -6, 1, 3, 3, -1, -4, -5, 16]--- 16 points removed --- 193 195 197 198 199 203 207 211 215 227 229 231 235 239 243 247 
[-3, 1, -3, -3, 8, 7, 7, 8, 1]--- 16 points removed --- 16 32 48 80 96 112 128 144 160 176 178 180 192 208 224 240 
[-1, 7, -4, 2, 8, 8, -3, 6, 0]--- 16 points removed --- 2 18 32 34 35 48 50 128 130 146 160 162 163 176 178 226 
[4, 8, -5, -2, 7, 8, -1, 4, 0]--- 16 points removed --- 2 16 18 32 33 34 35 48 49 50 51 58 160 162 176 178 
[7, 7, 1, 3, 4, 4, -2, -5, 0]--- 16 points removed --- 1 2 3 5 7 9 11 17 19 33 34 35 39 43 49 51 
[7, 4, -6, -2, 8, 7, 4, 1, 0]--- 16 points removed --- 16 17 32 33 34 35 48 49 50 51 52 96 97 112 113 176 
[8, 8, 4, 4, 3, 1, -2, -5, 0]--- 16 points removed --- 1 2 3 5 6 7 9 11 13 15 17 19 23 33 35 39 
[-2, -7, 0, -2, 5, -3, -3, -1, 14]--- 16 points removed --- 86 87 118 119 198 199 211 213 214 215 230 231 243 245 246 247 
[-6, -5, -3, 4, 2, -2, -5, -1, 16]--- 16 points removed --- 167 195 198 199 207 226 227 229 230 231 234 235 238 239 246 247 
[8, 2, 4, 8, -5, 0, -5, -3, 6]--- 16 points removed --- 3 7 9 10 11 13 14 15 43 47 74 75 78 79 107 111 
[8, -6, 5, 5, 4, -2, 1, 8, 0]--- 16 points removed --- 4 6 64 66 68 70 72 74 76 78 80 84 86 96 100 102 
[-3, 6, -4, 2, 8, 8, -1, 7, 0]--- 16 points removed --- 2 32 34 48 50 128 130 144 146 160 162 163 176 178 224 226 
[2, 4, 8, 8, 2, -3, -5, 6, 0]--- 16 points removed --- 2 4 6 7 10 12 14 66 70 78 130 132 134 138 142 198 
[8, 8, 2, 3, 5, 4, -2, -6, 0]--- 16 points removed --- 1 2 3 5 7 9 11 17 19 23 33 35 39 43 49 51 
[4, 8, -4, 6, 2, 1, -7, -7, 10]--- 16 points removed --- 3 7 11 15 33 34 35 39 43 47 51 55 163 167 171 175 
[4, 2, 8, 8, 2, -5, -3, 6, 0]--- 16 points removed --- 2 4 6 7 10 12 14 66 68 70 76 78 132 134 142 198 
[4, 4, 1, 2, 6, -8, 7, 7, 0]--- 16 points removed --- 4 5 6 12 20 36 44 52 68 84 100 116 132 148 164 180 
[8, -1, 3, 5, 2, -6, 3, 8, 0]--- 16 points removed --- 4 6 12 14 20 36 44 64 68 70 76 78 84 100 102 108 
[-3, 7, -3, -2, 8, 7, 1, 8, 0]--- 16 points removed --- 16 18 32 34 48 50 128 130 144 146 160 162 176 178 180 240 
[8, 8, 1, 3, 4, 4, -5, -2, 0]--- 16 points removed --- 1 2 3 6 7 10 11 18 19 33 34 35 39 43 50 51 
[-6, -3, -3, 4, 2, -1, -5, -3, 15]--- 16 points removed --- 163 167 175 195 199 207 226 227 229 230 231 235 238 239 243 247 
[7, 8, 8, 7, -2, -4, 1, -2, 0]--- 16 points removed --- 1 3 4 5 6 7 8 9 10 11 12 13 14 15 29 141 
[-8, -4, -1, 2, 3, -3, -4, -1, 16]--- 16 points removed --- 167 195 198 199 207 214 215 226 227 229 230 231 238 239 246 247 
[-6, -5, -1, 3, 3, -3, -4, -2, 15]--- 16 points removed --- 167 195 197 198 199 207 215 226 227 229 230 231 238 239 246 247 
[-6, -6, 1, 2, 4, -2, -3, -4, 15]--- 16 points removed --- 193 195 197 198 199 207 211 213 215 227 229 230 231 239 243 247 
[-2, -3, -1, 8, -2, 0, -8, -3, 15]--- 16 points removed --- 75 79 107 111 171 175 195 199 203 207 227 231 234 235 238 239 
[5, 8, 7, 6, -1, -3, 2, -3, 0]--- 16 points removed --- 1 3 4 5 6 7 8 9 11 12 13 14 15 29 133 141 
[8, -4, 3, 4, 2, -2, 1, 6, 0]--- 16 points removed --- 4 6 64 66 68 70 72 74 76 78 84 86 96 100 102 108 
[7, -8, 2, 4, 4, 1, 6, 7, 0]--- 16 points removed --- 64 65 66 68 70 72 76 80 84 96 100 104 108 112 116 192 
[2, 8, 8, 7, -4, -3, 6, -1, 0]--- 16 points removed --- 1 4 5 8 9 12 13 14 15 29 132 133 136 137 140 141 
[2, 7, -3, -1, 6, 7, -3, 5, 0]--- 16 points removed --- 2 16 18 32 34 35 48 50 51 58 130 146 160 162 176 178 
[-4, -3, -1, 2, 2, 0, -4, -3, 11]--- 16 points removed --- 163 167 195 199 203 207 211 215 226 227 230 231 235 239 243 247 
[2, 6, 1, 4, 4, -8, 7, 7, 0]--- 16 points removed --- 4 5 6 12 20 36 44 52 68 100 132 140 148 164 172 180 
[8, -7, 4, 6, 2, -1, 3, 8, 0]--- 16 points removed --- 4 64 66 68 70 72 74 76 78 80 84 96 100 102 104 108 
[2, 8, -1, -3, 7, 8, -4, 6, 0]--- 16 points removed --- 2 16 18 19 32 34 48 50 51 58 130 144 146 162 176 178 
[6, 2, 1, 8, -4, -4, 7, 7, 0]--- 16 points removed --- 4 8 12 13 14 36 40 44 68 72 76 100 104 108 140 172 
[-6, -4, -3, 3, 3, -1, -5, -2, 15]--- 16 points removed --- 163 167 195 198 199 226 227 229 230 231 235 238 239 243 246 247 
[3, 8, -2, -4, 6, 8, -2, 5, 0]--- 16 points removed --- 2 16 18 19 32 34 48 49 50 51 58 144 146 162 176 178 
[-7, -4, -2, 3, 3, -1, -5, -3, 16]--- 16 points removed --- 163 167 195 198 199 207 215 226 227 229 230 231 235 239 243 247 
[-2, 8, -5, 4, 4, -1, 8, 7, 0]--- 16 points removed --- 4 32 36 40 44 48 52 128 132 160 164 165 168 172 176 180 
[-6, -3, -4, 4, 2, 1, -7, -2, 16]--- 16 points removed --- 162 163 167 171 195 199 226 227 230 231 234 235 238 239 243 247 
[7, 1, 4, 8, -6, -2, 4, 7, 0]--- 16 points removed --- 4 8 10 12 13 14 40 44 68 72 74 76 78 104 108 140 
[3, 8, -4, -2, 6, 8, -2, 5, 0]--- 16 points removed --- 2 16 18 32 34 35 48 49 50 51 58 146 160 162 176 178 
[3, 6, -1, -1, 5, 8, -4, 3, 0]--- 16 points removed --- 2 3 16 18 19 32 34 35 48 50 51 58 130 146 162 178 
[-6, -5, -1, 2, 4, -3, -3, -3, 15]--- 16 points removed --- 167 195 197 198 199 207 215 227 229 230 231 239 243 245 246 247 
[7, 1, 2, 8, -4, -4, 6, 7, 0]--- 16 points removed --- 4 8 12 13 14 36 40 44 68 72 76 78 100 104 108 140 
[8, 8, 4, 5, 3, 2, -2, -6, 0]--- 16 points removed --- 1 2 3 5 7 9 11 13 15 17 19 23 33 35 39 43 
[-6, -2, -4, 4, 2, 1, -6, -3, 15]--- 16 points removed --- 162 163 167 171 175 195 199 226 227 230 231 234 235 239 243 247 
[8, 8, 4, 5, 3, 2, -6, -2, 0]--- 16 points removed --- 1 2 3 6 7 10 11 14 15 18 19 23 34 35 39 43 
[-6, -5, -4, 4, 2, -1, -5, -1, 16]--- 16 points removed --- 167 195 198 199 226 227 229 230 231 234 235 238 239 243 246 247 
[-6, -5, -1, 3, 3, -2, -4, -3, 15]--- 16 points removed --- 167 195 197 198 199 207 215 226 227 229 230 231 235 239 243 247 
[5, 8, 8, 7, -1, -1, 3, -6, 0]--- 16 points removed --- 1 3 4 5 7 8 9 11 12 13 15 29 129 133 137 141 
[5, 8, -3, -1, 6, 7, -3, 2, 0]--- 16 points removed --- 2 3 16 18 19 32 33 34 35 48 49 50 51 58 162 178 
[-4, 7, -4, 6, 2, 1, 7, 8, 0]--- 16 points removed --- 32 36 40 44 128 132 136 140 160 162 164 168 172 176 180 224 
[3, 8, 8, 6, -4, -2, 5, -2, 0]--- 16 points removed --- 1 4 5 8 9 11 12 13 14 15 29 133 136 137 140 141 
[7, -2, 4, 5, 2, -5, 1, 7, 0]--- 16 points removed --- 4 6 12 14 36 64 66 68 70 76 78 84 86 100 102 108 
[5, 7, 7, 6, -3, -1, 2, -3, 0]--- 16 points removed --- 1 3 4 5 7 8 9 10 11 12 13 14 15 29 137 141 
[7, -8, 4, 6, 2, 1, 4, 7, 0]--- 16 points removed --- 64 65 66 68 70 72 74 76 78 80 84 96 100 104 108 192 
[6, 8, -1, -4, 7, 8, -3, 2, 0]--- 16 points removed --- 2 3 16 17 18 19 32 34 35 48 49 50 51 58 146 178 
[5, 8, 8, 6, -2, -2, 3, -4, 0]--- 16 points removed --- 1 3 4 5 7 8 9 11 12 13 14 15 29 133 137 141 
[1, 8, 8, 7, -4, -2, 7, -2, 0]--- 16 points removed --- 1 4 5 8 9 12 13 15 29 129 132 133 136 137 140 141 
[2, 6, 1, 8, -4, -4, 7, 7, 0]--- 16 points removed --- 4 8 12 13 14 36 40 44 76 108 132 136 140 164 168 172 
[4, 2, 8, 8, 2, -3, -5, 6, 0]--- 16 points removed --- 2 4 6 7 10 12 14 66 68 70 74 78 130 134 142 198 
[2, 8, 8, 7, -4, -1, 6, -3, 0]--- 16 points removed --- 1 4 5 8 9 11 12 13 15 29 129 133 136 137 140 141 
[8, -7, 2, 5, 3, -2, 4, 8, 1]--- 16 points removed --- 4 64 66 68 70 72 76 78 80 84 96 100 102 104 108 116 
[-3, 8, -3, 7, 1, -2, 8, 7, 0]--- 16 points removed --- 4 12 32 36 40 44 128 132 136 140 160 164 165 168 172 180 
[2, 4, 8, 8, 2, -5, -3, 6, 0]--- 16 points removed --- 2 4 6 7 10 12 14 68 70 78 130 132 134 140 142 198 
[8, -6, 4, 5, 3, -2, 2, 8, 0]--- 16 points removed --- 4 64 66 68 70 72 74 76 78 80 84 86 96 100 102 108 
[5, 8, -2, -2, 5, 6, -2, 1, 0]--- 16 points removed --- 2 3 16 17 18 19 32 33 34 35 48 49 50 51 58 178 
[8, -2, 2, 3, 5, -6, 4, 8, 0]--- 16 points removed --- 4 6 12 20 36 52 64 68 70 76 84 86 100 102 108 116 
[8, 8, 5, 5, 3, 1, -6, -2, 0]--- 16 points removed --- 1 2 3 5 6 7 10 11 14 15 18 19 23 34 35 39 
[-4, 8, -3, 2, 6, -1, 8, 7, 0]--- 16 points removed --- 4 32 36 48 52 128 132 144 148 160 164 165 168 172 176 180 
[6, 7, -4, -4, 8, 7, 1, 2, 0]--- 16 points removed --- 16 17 18 19 32 33 34 35 48 49 50 51 52 112 176 178 
[-2, 7, -6, 4, 4, 1, 7, 8, 0]--- 16 points removed --- 32 36 40 44 48 52 128 132 160 162 164 168 172 176 180 224 
[-2, 8, -4, 3, 5, -2, 8, 6, 0]--- 16 points removed --- 4 32 36 44 48 52 128 132 148 160 164 165 168 172 176 180 
[3, 8, 8, 7, -2, -4, 5, -2, 0]--- 16 points removed --- 1 4 5 7 8 9 12 13 14 15 29 132 133 137 140 141 
[7, 1, 4, 6, 2, -8, 4, 7, 0]--- 16 points removed --- 4 5 6 12 14 20 36 44 68 70 76 78 84 100 108 132 
[8, -3, 4, 6, 2, -5, 2, 8, 0]--- 16 points removed --- 4 6 12 14 36 64 66 68 70 72 76 78 84 100 102 108 
[8, -4, 1, 4, 2, -2, 3, 8, 0]--- 16 points removed --- 4 36 64 66 68 70 72 76 78 84 96 100 102 104 108 116 
[7, 1, 4, 8, -2, -6, 4, 7, 0]--- 16 points removed --- 4 6 8 12 13 14 36 44 68 70 72 76 78 100 108 140 
[-2, 8, -2, 5, 3, -4, 8, 6, 0]--- 16 points removed --- 4 12 32 36 44 52 128 132 140 148 160 164 165 168 172 180 
[7, 1, 6, 8, -4, -4, 2, 7, 0]--- 16 points removed --- 4 6 8 10 12 13 14 44 68 70 72 74 76 78 108 140 
[4, 7, -6, -2, 8, 7, 1, 4, 0]--- 16 points removed --- 16 18 32 33 34 35 48 49 50 51 52 112 160 162 176 178 
[8, -2, 4, 5, 3, -6, 2, 8, 0]--- 16 points removed --- 4 6 12 14 20 36 64 68 70 76 78 84 86 100 102 108 
[-4, 8, -2, 5, 3, -2, 8, 7, 0]--- 16 points removed --- 4 32 36 44 128 132 136 140 148 160 164 165 168 172 176 180 
[6, 8, -2, 4, 4, 1, -7, -7, 8]--- 16 points removed --- 3 7 11 15 19 23 33 34 35 39 43 47 51 55 163 167 
[8, 8, 2, 3, 5, 4, -7, -2, 1]--- 16 points removed --- 1 2 3 6 7 10 11 18 19 23 34 35 39 43 50 51 
[-2, 8, 5, 8, -2, -2, 1, 5, 0]--- 16 points removed --- 4 6 8 10 12 14 128 130 132 134 136 138 140 141 142 172 
[4, 4, 1, 6, 2, -8, 7, 7, 0]--- 16 points removed --- 4 5 6 12 20 36 44 52 68 76 100 108 132 140 164 172 
[4, 4, 1, 8, -6, -2, 7, 7, 0]--- 16 points removed --- 4 8 12 13 14 36 40 44 72 76 104 108 136 140 168 172 
[8, -3, 2, 6, 2, -5, 4, 8, 0]--- 16 points removed --- 4 6 12 36 44 64 68 70 72 76 78 84 96 100 102 108 
[4, 7, -2, -6, 8, 7, 1, 4, 0]--- 16 points removed --- 16 17 18 19 32 34 48 49 50 51 52 112 144 146 176 178 
[-4, 7, -4, 2, 6, 1, 7, 8, 0]--- 16 points removed --- 32 36 48 52 128 132 144 148 160 162 164 168 172 176 180 224 
[-3, 8, -4, 6, 2, -1, 8, 7, 0]--- 16 points removed --- 4 32 36 40 44 128 132 136 140 160 164 165 168 172 176 180 
[5, 8, -4, -2, 6, 8, -2, 3, 0]--- 16 points removed --- 2 16 18 19 32 33 34 35 48 49 50 51 58 162 176 178 
[-3, 6, -2, -2, 8, 1, 6, 7, 0]--- 16 points removed --- 16 20 32 36 48 52 128 132 144 148 160 164 176 178 180 240 
[3, 8, 8, 6, -2, -2, 5, -4, 0]--- 16 points removed --- 1 4 5 7 8 9 11 12 13 15 29 129 133 137 140 141 
[5, 8, 8, 6, -4, -2, 3, -2, 0]--- 16 points removed --- 1 4 5 7 8 9 10 11 12 13 14 15 29 137 140 141 
[-2, 8, 5, 8, -2, -2, 5, 1, 0]--- 16 points removed --- 4 5 8 9 12 13 128 129 132 133 136 137 140 141 142 172 
[-4, 8, -2, 3, 5, -2, 8, 7, 0]--- 16 points removed --- 4 32 36 52 128 132 140 144 148 160 164 165 168 172 176 180 
[7, 1, 2, 4, 4, -8, 6, 7, 0]--- 16 points removed --- 4 5 6 12 20 36 44 52 68 70 76 84 100 108 116 132 
[2, 8, -4, -3, 7, 8, -1, 6, 0]--- 16 points removed --- 2 16 18 32 34 48 49 50 51 58 144 146 160 162 176 178 
[7, 6, -4, -4, 8, 7, 2, 1, 0]--- 16 points removed --- 16 17 18 19 32 33 34 35 48 49 50 51 52 112 113 176 
[5, 8, -2, -4, 6, 8, -2, 3, 0]--- 16 points removed --- 2 16 17 18 19 32 34 35 48 49 50 51 58 146 176 178 
[7, -2, 4, 4, 3, -5, 1, 8, 0]--- 16 points removed --- 4 6 12 14 20 36 64 66 68 70 76 78 84 86 100 102 
[-6, 7, -2, 4, 4, 1, 7, 8, 0]--- 16 points removed --- 32 36 128 132 136 140 144 148 160 162 164 168 172 176 180 224 
[8, -5, 2, 6, 2, -3, 4, 8, 0]--- 16 points removed --- 4 12 36 64 66 68 70 72 76 78 84 96 100 102 104 108 
[7, -5, 3, 6, 1, -2, 3, 7, 0]--- 16 points removed --- 4 12 64 66 68 70 72 74 76 78 84 96 100 102 104 108 
[8, -5, 4, 6, 2, -3, 2, 8, 0]--- 16 points removed --- 4 6 12 64 66 68 70 72 74 76 78 84 96 100 102 108 
[5, 8, -2, -2, 6, 8, -4, 3, 0]--- 16 points removed --- 2 3 16 18 19 32 34 35 48 49 50 51 58 146 162 178 
[6, 2, 1, 4, 4, -8, 7, 7, 0]--- 16 points removed --- 4 5 6 12 20 36 44 52 68 76 84 100 108 116 132 164 
[8, -2, 3, 6, 1, -5, 3, 8, 0]--- 16 points removed --- 4 6 12 14 36 44 64 68 70 72 76 78 84 100 102 108 
[8, -2, 2, 5, 3, -6, 4, 8, 0]--- 16 points removed --- 4 6 12 20 36 44 64 68 70 76 78 84 100 102 108 116 
[-2, 8, -2, 3, 5, -4, 8, 6, 0]--- 16 points removed --- 4 20 32 36 44 52 128 132 140 148 160 164 165 172 176 180 
[2, 7, -4, -4, 8, 7, 1, 6, 0]--- 16 points removed --- 16 18 32 34 48 49 50 51 52 112 144 146 160 162 176 178 
[-2, 8, -4, 5, 3, -2, 8, 7, 0]--- 16 points removed --- 4 32 36 40 44 52 128 132 140 160 164 165 168 172 176 180 
[-1, 8, -3, 6, 2, -4, 8, 7, 0]--- 16 points removed --- 4 12 32 36 40 44 52 128 132 140 160 164 165 168 172 180 
[6, -2, 4, 7, -8, 1, -8, -4, 14]--- 15 points removed --- 10 11 14 15 43 47 74 75 78 79 91 107 111 203 207 
[6, 2, -3, 8, -4, -1, 8, 8, 0]--- 15 points removed --- 4 8 12 32 36 40 44 72 76 96 100 104 108 168 172 
[-7, 3, 1, 1, 7, -7, 8, -5, 11]--- 15 points removed --- 5 129 132 133 141 148 149 164 165 180 181 197 213 229 245 
[3, -7, 1, 1, 7, -7, -5, 8, 11]--- 15 points removed --- 6 66 68 70 78 84 86 100 102 116 118 198 214 230 246 
[4, -8, -1, -2, 7, -8, -4, 6, 15]--- 15 points removed --- 68 70 84 86 87 100 102 116 118 119 126 198 214 230 246 
[-4, 5, 2, 2, 4, -4, 6, -1, 3]--- 15 points removed --- 4 5 128 129 132 133 140 141 148 149 164 165 180 181 197 
[7, 5, 1, 1, 7, 7, 5, -8, 0]--- 15 points removed --- 1 3 5 9 17 19 33 35 49 51 65 81 97 113 129 
[4, 4, -6, 7, 1, -2, 8, 8, 0]--- 15 points removed --- 4 12 32 36 40 44 52 96 100 104 108 160 164 168 172 
[7, 1, -2, -2, 8, -4, 8, 8, 0]--- 15 points removed --- 4 16 20 32 36 48 52 68 80 84 96 100 112 116 180 
[8, -3, 2, 8, -3, -1, 5, 7, 0]--- 15 points removed --- 4 8 12 40 44 64 68 72 74 76 78 96 100 104 108 
[4, 4, -1, 2, 6, -7, 8, 8, 0]--- 15 points removed --- 4 12 20 32 36 44 52 68 84 100 116 132 148 164 180 
[-1, 8, -1, 8, -1, -5, 8, 8, 0]--- 15 points removed --- 4 8 12 32 36 40 44 128 132 136 140 160 164 168 172 
[-3, -1, -3, 2, 8, 8, 5, 8, 0]--- 15 points removed --- 32 48 64 96 112 128 144 160 162 176 192 208 224 226 240 
[-2, 5, 8, 8, 1, -2, -2, 8, 0]--- 15 points removed --- 2 4 6 10 12 14 128 130 132 134 136 138 140 142 198 
[8, -6, 3, 8, -1, -1, 5, 8, 0]--- 15 points removed --- 4 8 12 64 66 68 70 72 74 76 78 96 100 104 108 
[-2, -6, 1, -2, 5, -6, -6, 2, 16]--- 15 points removed --- 70 86 87 102 118 119 198 199 214 215 222 230 231 246 247 
[-5, -5, 3, 3, 2, -1, -1, -4, 11]--- 15 points removed --- 193 195 197 198 199 201 203 205 207 211 213 215 227 229 231 
[-6, -8, 3, 4, 2, -2, -1, -5, 16]--- 15 points removed --- 193 195 197 198 199 201 203 205 207 213 215 227 229 231 239 
[3, 5, -1, 8, -1, -6, 8, 8, 0]--- 15 points removed --- 4 8 12 32 36 40 44 68 76 100 108 132 140 164 172 
[8, -3, 6, 8, -4, -1, 2, 8, 0]--- 15 points removed --- 4 8 10 12 14 64 66 68 70 72 74 76 78 104 108 
[3, 7, 1, 1, 7, 7, -8, 5, 0]--- 15 points removed --- 2 3 6 10 18 19 34 35 50 51 66 130 146 162 178 
[7, 1, -4, 2, 6, -4, 8, 8, 0]--- 15 points removed --- 4 20 32 36 44 48 52 68 84 96 100 108 112 116 164 
[5, 3, -2, 8, -2, -4, 8, 8, 0]--- 15 points removed --- 4 8 12 32 36 40 44 68 76 100 104 108 140 164 172 
[3, 8, -5, 1, 8, 8, -2, 3, 0]--- 15 points removed --- 2 18 32 33 34 35 48 49 50 51 160 162 163 176 178 
[5, 7, 7, 7, 1, 1, 5, -8, 0]--- 15 points removed --- 1 3 5 7 9 11 13 15 17 33 65 129 133 137 141 
[2, 8, -4, 1, 8, 8, -4, 5, 0]--- 15 points removed --- 2 18 32 34 35 48 50 51 130 146 160 162 163 176 178 
[2, 6, -7, 4, 4, -1, 8, 8, 0]--- 15 points removed --- 4 32 36 40 44 48 52 96 100 160 164 168 172 176 180 
[6, -2, 1, -8, 7, 4, -4, -8, 14]--- 15 points removed --- 17 19 23 49 51 55 81 83 87 91 113 115 119 211 243 
[2, 8, -4, 3, 8, 8, -4, 3, 0]--- 15 points removed --- 2 3 18 32 33 34 35 48 50 51 130 160 162 163 178 
[-6, -5, -1, 2, 4, -4, -2, -4, 16]--- 15 points removed --- 167 195 197 198 199 207 213 215 227 229 230 231 239 245 247 
[-6, -6, 2, 4, 2, -1, -3, -5, 15]--- 15 points removed --- 193 195 197 198 199 203 205 207 211 215 227 229 231 235 239 
[2, 5, -3, 8, -3, -1, 7, 8, 0]--- 15 points removed --- 4 8 12 32 36 40 44 104 108 136 140 160 164 168 172 
[-5, -8, 1, 2, 3, -3, -1, -4, 16]--- 15 points removed --- 193 195 197 198 199 205 207 213 215 227 229 231 239 245 247 
[4, 4, -1, -2, 8, -5, 8, 8, 0]--- 15 points removed --- 4 16 20 32 36 48 52 68 84 100 116 132 148 164 180 
[-7, -6, 2, 2, 4, -1, -3, -5, 16]--- 15 points removed --- 193 195 197 198 199 203 207 211 213 215 227 229 231 243 247 
[4, 4, -6, 1, 7, -2, 8, 8, 0]--- 15 points removed --- 4 20 32 36 44 48 52 96 100 112 116 160 164 176 180 
[5, 3, -1, 8, -6, -1, 8, 8, 0]--- 15 points removed --- 4 8 12 32 36 40 44 72 76 104 108 136 140 168 172 
[-6, -2, -4, 4, 2, -1, -5, -4, 16]--- 15 points removed --- 163 167 171 175 195 199 226 227 229 230 231 235 239 243 247 
[-6, -8, 3, 4, 2, -1, -2, -5, 16]--- 15 points removed --- 193 195 197 198 199 201 203 205 207 211 215 227 229 231 239 
[3, 5, -4, 8, -2, -2, 8, 8, 0]--- 15 points removed --- 4 8 12 32 36 40 44 100 104 108 140 160 164 168 172 
[5, 2, -3, -3, 8, -1, 7, 7, 0]--- 15 points removed --- 4 16 20 32 36 48 52 80 84 96 100 112 116 176 180 
[-6, -7, 2, 2, 4, -3, -1, -5, 16]--- 15 points removed --- 193 195 197 198 199 205 207 211 213 215 227 229 231 245 247 
[-5, -5, 2, 4, 1, -1, -2, -4, 12]--- 15 points removed --- 193 195 197 198 199 201 203 205 207 215 227 229 231 235 239 
[3, 5, -6, 8, -1, -1, 8, 8, 0]--- 15 points removed --- 4 8 12 32 36 40 44 96 100 104 108 160 164 168 172 
[2, 6, -3, -4, 8, -1, 8, 8, 0]--- 15 points removed --- 4 16 20 32 36 48 52 112 116 144 148 160 164 176 180 
[-2, -2, -2, 1, 6, 8, 5, 8, 0]--- 15 points removed --- 32 48 64 80 96 112 128 144 160 176 192 208 224 226 240 
[5, 3, -2, 8, -4, -2, 8, 8, 0]--- 15 points removed --- 4 8 12 32 36 40 44 72 76 100 104 108 140 168 172 
[6, 2, -3, -1, 8, -4, 8, 8, 0]--- 15 points removed --- 4 16 20 32 36 48 52 68 84 96 100 112 116 164 180 
[8, -4, 3, 8, -2, -2, 5, 8, 0]--- 15 points removed --- 4 8 12 44 64 68 70 72 74 76 78 96 100 104 108 
[-1, 6, 8, 8, 2, -4, -3, 8, 0]--- 15 points removed --- 2 4 6 10 12 14 70 128 130 132 134 138 140 142 198 
[-7, -6, 1, 3, 3, -3, -2, -4, 16]--- 15 points removed --- 193 195 197 198 199 205 207 213 215 227 229 230 231 239 247 
[4, 4, -7, 6, 2, -1, 8, 8, 0]--- 15 points removed --- 4 32 36 40 44 48 52 96 100 104 108 160 164 168 172 
[7, 1, -4, 6, 2, -4, 8, 8, 0]--- 15 points removed --- 4 12 32 36 40 44 52 68 76 96 100 104 108 116 164 
[8, -3, 6, 8, -1, -4, 2, 8, 0]--- 15 points removed --- 4 6 8 12 14 64 66 68 70 72 74 76 78 100 108 
[2, 8, -5, 2, 8, 8, -3, 4, 0]--- 15 points removed --- 2 18 32 33 34 35 48 50 51 130 160 162 163 176 178 
[3, 3, -2, -2, 8, -2, 8, 8, 0]--- 15 points removed --- 4 16 20 32 36 48 52 84 100 112 116 148 164 176 180 
[5, 2, -3, 8, -1, -3, 8, 8, 0]--- 15 points removed --- 4 8 12 32 36 40 44 68 76 96 100 104 108 164 172 
[6, -1, 3, 8, -4, -1, 3, 8, 0]--- 15 points removed --- 4 8 10 12 14 40 44 64 68 72 74 76 78 104 108 
[1, 5, -2, 8, -2, -2, 6, 6, 0]--- 15 points removed --- 4 8 12 32 36 40 44 108 132 136 140 160 164 168 172 
[3, 5, -1, -6, 8, -1, 8, 8, 0]--- 15 points removed --- 4 16 20 32 36 48 52 80 84 112 116 144 148 176 180 
[6, 8, -3, 1, 8, 8, -5, 1, 0]--- 15 points removed --- 2 3 18 19 32 33 34 35 48 49 50 51 162 163 178 
[5, 2, -1, -3, 7, -3, 7, 7, 0]--- 15 points removed --- 4 16 20 32 36 48 52 68 80 84 100 112 116 148 180 
[7, 1, -6, 4, 4, -2, 8, 8, 0]--- 15 points removed --- 4 32 36 40 44 48 52 68 96 100 104 108 112 116 164 
[2, 6, -4, 1, 7, -4, 8, 8, 0]--- 15 points removed --- 4 20 32 36 44 48 52 100 116 132 148 160 164 176 180 
[8, -2, 5, 8, -4, -2, 3, 8, 0]--- 15 points removed --- 4 8 10 12 14 44 64 68 70 72 74 76 78 104 108 
[8, -2, 1, 8, -2, -4, 7, 8, 0]--- 15 points removed --- 4 8 12 36 40 44 64 68 72 76 78 96 100 104 108 
[6, 2, -4, 7, 1, -4, 8, 8, 0]--- 15 points removed --- 4 12 32 36 40 44 52 68 76 96 100 104 108 164 172 
[7, -5, 3, 3, 5, -5, -1, 8, 3]--- 15 points removed --- 4 6 64 66 68 70 76 78 84 86 100 102 116 118 198 
[1, 7, -4, 6, 2, -4, 8, 8, 0]--- 15 points removed --- 4 12 32 36 40 44 52 100 132 140 160 164 168 172 180 
[-6, -7, 1, 3, 3, -2, -3, -4, 16]--- 15 points removed --- 193 195 197 198 199 203 207 211 215 227 229 230 231 239 247 
[3, 8, -2, 1, 8, 8, -6, 4, 0]--- 15 points removed --- 2 3 18 19 32 34 35 48 50 51 130 146 162 163 178 
[4, 4, -2, 1, 7, -6, 8, 8, 0]--- 15 points removed --- 4 20 32 36 44 48 52 68 84 100 116 132 148 164 180 
[3, 5, -2, 8, -2, -4, 8, 8, 0]--- 15 points removed --- 4 8 12 32 36 40 44 76 100 108 132 140 164 168 172 
[6, 2, -7, 4, 4, -1, 8, 8, 0]--- 15 points removed --- 4 32 36 40 44 48 52 96 100 104 108 112 116 160 164 
[2, 8, -3, 2, 8, 8, -5, 4, 0]--- 15 points removed --- 2 3 18 32 34 35 48 50 51 130 146 160 162 163 178 
[4, 8, -3, 2, 8, 8, -5, 2, 0]--- 15 points removed --- 2 3 18 19 32 33 34 35 48 50 51 130 162 163 178 
[5, 3, -4, 8, -2, -2, 8, 8, 0]--- 15 points removed --- 4 8 12 32 36 40 44 76 96 100 104 108 164 168 172 
[4, 4, -2, 8, -3, -3, 8, 8, 0]--- 15 points removed --- 4 8 12 32 36 40 44 76 100 104 108 140 164 168 172 
[2, 6, -1, 4, 4, -7, 8, 8, 0]--- 15 points removed --- 4 12 20 32 36 44 52 68 100 132 140 148 164 172 180 
[2, 6, -4, 7, 1, -4, 8, 8, 0]--- 15 points removed --- 4 12 32 36 40 44 52 100 108 132 140 160 164 168 172 
[6, -2, 3, 6, -2, -2, 3, 6, 0]--- 15 points removed --- 4 8 12 14 44 64 68 70 72 74 76 78 100 104 108 
[3, 5, -2, 8, -4, -2, 8, 8, 0]--- 15 points removed --- 4 8 12 32 36 40 44 76 104 108 136 140 164 168 172 
[2, 5, -1, -3, 7, -3, 7, 7, 0]--- 15 points removed --- 4 16 20 32 36 48 52 84 116 132 144 148 164 176 180 
[6, -1, 3, 8, -1, -4, 3, 8, 0]--- 15 points removed --- 4 6 8 12 14 36 44 64 68 70 72 76 78 100 108 
[8, -2, 5, 8, -2, -4, 3, 8, 0]--- 15 points removed --- 4 6 8 12 14 44 64 68 70 72 74 76 78 100 108 
[4, 8, -5, 2, 8, 8, -3, 2, 0]--- 15 points removed --- 2 3 18 32 33 34 35 48 49 50 51 160 162 163 178 
[2, 6, -3, 8, -1, -4, 8, 8, 0]--- 15 points removed --- 4 8 12 32 36 40 44 100 108 132 140 160 164 168 172 
[6, -2, 5, 6, -2, -2, 1, 6, 0]--- 15 points removed --- 4 6 8 10 12 14 64 66 68 70 72 74 76 78 108 
[1, 5, -2, -2, 8, -2, 8, 6, 0]--- 15 points removed --- 4 16 20 32 36 48 52 116 132 144 148 160 164 176 180 
[8, -2, 3, 8, -4, -2, 5, 8, 0]--- 15 points removed --- 4 8 12 14 40 44 64 68 72 74 76 78 100 104 108 
[5, 3, -2, -2, 8, -4, 8, 8, 0]--- 15 points removed --- 4 16 20 32 36 48 52 68 84 100 112 116 148 164 180 
[3, 5, -2, -4, 8, -2, 8, 8, 0]--- 15 points removed --- 4 16 20 32 36 48 52 84 112 116 144 148 164 176 180 
[6, 2, -4, 1, 7, -4, 8, 8, 0]--- 15 points removed --- 4 20 32 36 44 48 52 68 84 96 100 112 116 164 180 
[7, 1, -2, 4, 4, -6, 8, 8, 0]--- 15 points removed --- 4 12 20 32 36 44 52 68 76 84 96 100 108 116 164 
[4, 4, -2, 7, 1, -6, 8, 8, 0]--- 15 points removed --- 4 12 32 36 40 44 52 68 76 100 108 132 140 164 172 
[5, 3, -2, -4, 8, -2, 8, 8, 0]--- 15 points removed --- 4 16 20 32 36 48 52 80 84 100 112 116 148 176 180 
[1, 7, -2, 4, 4, -6, 8, 8, 0]--- 15 points removed --- 4 12 20 32 36 44 52 100 132 140 148 160 164 172 180 
[6, 2, -1, 4, 4, -7, 8, 8, 0]--- 15 points removed --- 4 12 20 32 36 44 52 68 76 84 100 108 116 132 164 
[7, -1, 2, 7, -3, -3, 5, 8, 0]--- 15 points removed --- 4 8 12 14 36 40 44 64 68 72 76 78 100 104 108 
[5, 3, -4, -2, 8, -2, 8, 8, 0]--- 15 points removed --- 4 16 20 32 36 48 52 84 96 100 112 116 164 176 180 
[1, 7, -6, 4, 4, -2, 8, 8, 0]--- 15 points removed --- 4 32 36 40 44 48 52 100 132 160 164 168 172 176 180 
[8, -3, 2, 8, -1, -4, 6, 8, 0]--- 15 points removed --- 4 8 12 36 44 64 68 70 72 76 78 96 100 104 108 
[8, -4, 5, 8, -2, -2, 3, 8, 0]--- 15 points removed --- 4 8 12 14 64 66 68 70 72 74 76 78 100 104 108 
[4, 4, -7, 2, 6, -1, 8, 8, 0]--- 15 points removed --- 4 32 36 40 44 48 52 96 100 112 116 160 164 176 180 
[4, 4, -1, 6, 2, -7, 8, 8, 0]--- 15 points removed --- 4 12 20 32 36 44 52 68 76 100 108 132 140 164 172 
[8, -1, 6, 8, -3, -4, 2, 8, 0]--- 15 points removed --- 4 6 8 10 12 14 44 64 68 70 72 74 76 78 108 
[3, 5, -2, -2, 8, -4, 8, 8, 0]--- 15 points removed --- 4 16 20 32 36 48 52 84 100 116 132 148 164 176 180 
[1, 7, -4, 2, 6, -4, 8, 8, 0]--- 15 points removed --- 4 20 32 36 44 48 52 100 132 148 160 164 172 176 180 
[8, -2, 3, 8, -2, -4, 5, 8, 0]--- 15 points removed --- 4 8 12 14 36 44 64 68 70 72 76 78 100 104 108 
[7, 1, -2, 8, -4, -2, 8, 8, 0]--- 15 points removed --- 4 8 12 32 36 40 44 68 72 76 96 100 104 108 172 
[3, 5, -6, -1, 8, -1, 8, 8, 0]--- 15 points removed --- 4 16 20 32 36 48 52 96 100 112 116 160 164 176 180 
[2, 6, -3, -1, 8, -4, 8, 8, 0]--- 15 points removed --- 4 16 20 32 36 48 52 100 116 132 148 160 164 176 180 
[2, 6, -1, 8, -3, -4, 8, 8, 0]--- 15 points removed --- 4 8 12 32 36 40 44 76 108 132 136 140 164 168 172 
[3, 5, -4, -2, 8, -2, 8, 8, 0]--- 15 points removed --- 4 16 20 32 36 48 52 100 112 116 148 160 164 176 180 
[5, 2, -1, 8, -3, -3, 8, 7, 0]--- 15 points removed --- 4 8 12 32 36 40 44 68 72 76 100 104 108 140 172 
[2, 7, -6, 8, -1, 0, -8, -8, 15]--- 14 points removed --- 3 7 11 15 35 39 43 47 107 111 163 167 171 175 
[-2, -7, 1, 8, -3, 0, -4, -5, 16]--- 14 points removed --- 75 79 107 111 195 199 201 203 205 207 227 231 235 239 
[-8, -4, 6, 6, 1, -1, 3, -8, 14]--- 14 points removed --- 129 133 137 141 193 195 197 199 201 203 205 207 213 229 
[-5, -3, -1, 1, 8, -7, 2, -6, 16]--- 14 points removed --- 101 133 149 165 167 181 197 199 213 215 229 231 245 247 
[3, -4, 1, -7, 6, 2, -5, -7, 16]--- 14 points removed --- 19 23 51 81 83 87 91 113 115 119 211 215 243 247 
[2, 1, -2, 4, -3, 0, -8, -4, 13]--- 14 points removed --- 11 15 35 39 43 47 75 79 107 111 171 175 235 239 
[2, -2, 1, 4, -4, 0, -4, -3, 9]--- 14 points removed --- 11 15 43 47 74 75 78 79 107 111 203 207 235 239 
[2, -2, 0, -4, 4, -1, -4, -3, 10]--- 14 points removed --- 19 23 51 55 83 86 87 115 118 119 211 215 243 247 
[2, -7, -1, -3, 6, -7, -5, 4, 16]--- 14 points removed --- 70 84 86 87 102 116 118 119 126 198 214 230 246 247 
[-3, -4, 2, 4, -1, 0, -2, -4, 10]--- 14 points removed --- 75 79 193 195 197 199 201 203 205 207 227 231 235 239 
[-7, 1, 5, 5, 3, -3, 8, -7, 9]--- 14 points removed --- 5 129 132 133 137 141 149 165 193 197 201 205 213 229 
[1, -3, 0, -4, 4, -2, -4, -2, 11]--- 14 points removed --- 23 55 83 86 87 115 118 119 211 214 215 243 246 247 
[-6, -4, 8, 8, 1, 1, 4, -6, 9]--- 14 points removed --- 65 129 133 137 141 192 193 195 197 199 201 203 205 207 
[-6, -3, 1, 1, 5, -5, 3, -8, 16]--- 14 points removed --- 133 149 165 181 193 197 199 205 213 215 229 231 245 247 
[5, 5, 2, 2, 4, 4, 1, -8, 2]--- 14 points removed --- 1 3 5 7 9 11 17 19 33 35 49 51 65 129 
[-3, 8, 1, 1, 5, 5, -3, 8, 0]--- 14 points removed --- 2 18 34 50 128 130 134 138 144 146 160 162 176 178 
[-7, 1, 2, 2, 6, -6, 8, -7, 12]--- 14 points removed --- 5 129 132 133 141 149 165 181 193 197 205 213 229 245 
[-3, -6, -1, 1, 5, -5, -7, 3, 16]--- 14 points removed --- 70 86 102 118 198 199 214 215 226 230 231 238 246 247 
[5, 5, 4, 4, 2, 2, -8, 1, 2]--- 14 points removed --- 2 3 6 7 10 11 14 15 18 19 34 35 66 130 
[1, 5, -6, 8, -2, 0, -8, -7, 16]--- 14 points removed --- 11 15 35 39 43 47 107 111 163 167 171 175 235 239 
[1, -6, -1, -3, 5, -7, -5, 3, 16]--- 14 points removed --- 70 86 87 102 116 118 119 126 198 214 215 230 246 247 
[3, -4, 2, 6, -7, 1, -7, -5, 16]--- 14 points removed --- 11 15 43 74 75 78 79 91 107 111 203 207 235 239 
[-6, -6, 2, 5, 1, 0, -4, -6, 16]--- 14 points removed --- 193 195 197 199 201 203 205 207 211 215 227 231 235 239 
[1, 7, 4, 2, 6, 6, -8, 7, 0]--- 14 points removed --- 2 3 6 10 18 34 50 66 130 134 138 146 162 178 
[4, -3, 2, 6, -7, 1, -8, -5, 16]--- 14 points removed --- 11 15 43 47 74 75 78 79 91 107 111 203 207 235 
[2, -7, 0, -3, 6, -7, -5, 3, 16]--- 14 points removed --- 70 84 86 87 102 116 118 119 198 214 215 230 246 247 
[1, 7, 6, 6, 2, 2, -8, 7, 0]--- 14 points removed --- 2 3 6 10 14 18 34 66 130 134 138 142 146 162 
[7, 2, -1, 8, -6, 0, -8, -8, 15]--- 14 points removed --- 3 7 11 15 35 39 43 47 75 79 107 111 171 175 
[-4, 8, 7, 7, 1, 2, -4, 8, 0]--- 14 points removed --- 2 6 10 14 128 130 132 134 136 138 140 142 146 162 
[4, -3, 1, -7, 6, 2, -5, -8, 16]--- 14 points removed --- 19 23 51 55 81 83 87 91 113 115 119 211 215 243 
[4, -3, 1, 6, -7, 1, -7, -6, 16]--- 14 points removed --- 11 15 43 47 74 75 79 91 107 111 203 207 235 239 
[3, -3, 1, -6, 5, 1, -5, -8, 16]--- 14 points removed --- 19 23 51 55 81 83 87 91 115 119 211 215 243 247 
[2, -2, 0, -8, 8, 1, -3, -4, 13]--- 14 points removed --- 19 23 51 55 81 83 87 113 115 119 211 215 243 247 
[5, 5, 4, 4, 2, 2, 1, -6, 0]--- 14 points removed --- 1 3 5 7 9 11 13 15 17 19 33 35 65 129 
[3, -3, -1, -6, 5, -1, -6, -5, 16]--- 14 points removed --- 19 23 51 55 83 87 115 118 119 127 211 215 243 247 
[7, 7, 2, 2, 6, 6, -8, 1, 0]--- 14 points removed --- 2 3 6 7 10 11 18 19 34 35 50 51 66 130 
[-3, 4, -7, 7, 1, 1, -7, -6, 16]--- 13 points removed --- 35 39 43 47 162 163 167 171 175 227 231 235 239 
[-6, -3, 6, 5, -1, 1, 3, -6, 10]--- 13 points removed --- 129 133 137 141 193 195 197 199 201 203 205 207 217 
[-5, -1, 8, 8, 3, 3, 7, -5, 3]--- 13 points removed --- 1 65 128 129 133 137 141 192 193 195 197 201 205 
[-8, 1, 3, 3, 7, 7, 7, 5, 0]--- 13 points removed --- 128 129 130 132 136 144 160 176 192 193 208 224 240 
[-3, 3, -6, 8, 1, -1, -5, -7, 16]--- 13 points removed --- 35 39 43 47 163 165 167 171 175 227 231 235 239 
[4, -2, -1, -6, 5, -2, -6, -4, 15]--- 13 points removed --- 19 23 51 55 83 86 87 115 118 119 127 215 247 
[-3, -6, 1, 1, 7, -7, -7, 4, 16]--- 13 points removed --- 70 86 102 118 134 198 199 214 215 230 231 246 247 
[1, 8, -7, 7, 3, 3, -7, -5, 11]--- 13 points removed --- 3 33 34 35 39 43 47 51 162 163 167 171 175 
[-1, 8, 2, 2, 4, 4, -5, 6, 0]--- 13 points removed --- 2 6 10 18 34 50 128 130 134 138 146 162 178 
[-8, -1, 4, 4, 2, -2, 5, -8, 13]--- 13 points removed --- 129 133 137 141 149 165 193 197 199 201 205 213 229 
[-6, -5, 4, 4, 2, -2, 1, -6, 13]--- 13 points removed --- 133 193 195 197 199 201 203 205 207 213 215 229 231 
[1, 4, 5, 5, 2, 2, 5, -6, 0]--- 13 points removed --- 1 3 5 9 13 17 33 65 129 133 137 141 193 
[-1, 6, 4, 4, 2, 2, -5, 6, 0]--- 13 points removed --- 2 6 10 14 18 34 128 130 134 138 142 146 162 
[-7, 8, 2, 2, 6, 6, -1, 8, 0]--- 13 points removed --- 2 128 130 132 134 136 138 144 146 160 162 176 178 
[3, -3, -1, -6, 5, -2, -6, -4, 16]--- 13 points removed --- 23 51 55 83 86 87 115 118 119 127 215 243 247 
[7, -5, 1, 1, 8, 8, 8, -3, 0]--- 13 points removed --- 1 17 33 49 64 65 80 81 96 97 112 113 193 
[-8, 5, 6, 6, 2, 3, 6, 1, 1]--- 13 points removed --- 128 129 130 132 133 136 137 140 141 144 160 192 193 
[6, 1, 2, 2, 7, 7, 7, -8, 0]--- 13 points removed --- 1 3 5 9 17 33 49 65 81 97 113 129 193 
[-8, 3, -1, 1, 8, -8, 7, -5, 14]--- 13 points removed --- 132 133 148 149 164 165 167 180 181 197 213 229 245 
[-5, 8, 4, 4, 2, 2, -1, 6, 0]--- 13 points removed --- 2 128 130 132 134 136 138 140 142 144 146 160 162 
[-6, -5, 2, 2, 4, -4, 1, -7, 16]--- 13 points removed --- 133 193 195 197 199 205 207 213 215 229 231 245 247 
[-8, -1, 3, 3, 5, -5, 7, -8, 14]--- 13 points removed --- 129 133 141 149 165 181 193 197 199 205 213 229 245 
[-8, 4, -1, -1, 6, -8, 8, -4, 15]--- 13 points removed --- 132 133 148 149 164 165 180 181 189 197 213 229 245 
[-3, -3, 1, 1, 7, 8, 6, 5, 0]--- 13 points removed --- 64 80 96 112 128 144 160 176 192 193 208 224 240 
[2, -7, -1, -4, 5, -6, -4, 2, 16]--- 13 points removed --- 70 84 86 87 102 116 118 119 126 214 215 246 247 
[1, -4, -1, -6, 4, -2, -5, -3, 16]--- 13 points removed --- 55 83 86 87 115 118 119 127 211 215 243 246 247 
[1, -4, 2, 2, 5, -5, -5, 8, 8]--- 13 points removed --- 6 66 68 70 78 86 102 118 134 198 214 230 246 
[1, -4, -1, -6, 4, -3, -5, -2, 16]--- 13 points removed --- 55 83 86 87 115 118 119 127 214 215 243 246 247 
[-7, 1, 8, 6, -2, 2, 8, -7, 8]--- 12 points removed --- 9 129 133 136 137 141 153 193 197 201 205 217 
[-2, -1, 5, 5, 3, 3, 4, -2, 0]--- 12 points removed --- 1 64 65 128 129 133 137 192 193 195 197 201 
[-5, -2, -1, -1, 4, -5, 3, -5, 14]--- 12 points removed --- 133 149 165 181 197 213 215 229 231 245 247 253 
[8, -2, 2, -7, 6, 8, 1, -7, 8]--- 12 points removed --- 17 19 49 51 65 80 81 83 89 91 113 115 
[2, -3, -1, -5, 4, -3, -5, -2, 14]--- 12 points removed --- 23 55 83 86 87 115 118 119 127 215 246 247 
[8, -2, 8, 6, -7, 2, -7, 1, 8]--- 12 points removed --- 10 11 14 15 66 72 74 75 78 79 90 91 
[7, -4, 7, 6, -8, 2, -8, -1, 13]--- 12 points removed --- 10 11 14 15 74 75 78 79 90 91 107 203 
[-7, -1, -4, 4, 2, -2, -3, -4, 16]--- 12 points removed --- 163 165 167 175 199 227 229 230 231 235 239 247 
[-4, -7, -2, 2, 3, -3, -5, 1, 16]--- 12 points removed --- 102 198 199 214 226 227 230 231 238 239 246 247 
[-4, -7, -3, 3, 2, -2, -5, 1, 16]--- 12 points removed --- 102 198 199 226 227 230 231 234 238 239 246 247 
[5, -2, 2, -8, 4, 5, -1, -8, 13]--- 12 points removed --- 17 19 49 51 81 83 87 89 91 113 115 211 
[-5, -3, -2, 2, 4, -4, -1, -4, 14]--- 12 points removed --- 165 167 197 199 215 227 229 230 231 239 245 247 
[-6, -3, -1, -1, 4, -5, 2, -5, 16]--- 12 points removed --- 149 165 181 197 199 213 215 229 231 245 247 253 
[2, -6, -2, -4, 3, -5, -4, 1, 16]--- 11 points removed --- 86 87 102 116 118 119 126 127 214 246 247 
[-1, -7, 2, 2, 8, 8, 8, 6, 0]--- 11 points removed --- 64 65 80 96 112 128 192 193 208 224 240 
[-7, 1, -2, -2, 4, -6, 8, -5, 16]--- 11 points removed --- 133 149 165 180 181 189 197 213 229 245 253 
[2, -4, -2, -5, 3, -4, -5, -1, 16]--- 11 points removed --- 55 86 87 115 118 119 126 127 215 246 247 
[8, -8, -8, 5, -2, -1, 4, -2, 15]--- 11 points removed --- 96 97 100 101 104 105 107 108 109 111 125 
[-3, -4, -3, 3, 1, -1, -4, 1, 11]--- 11 points removed --- 102 198 226 227 230 231 234 235 238 239 246 
[-7, -4, -6, 6, 2, 2, -5, 1, 16]--- 11 points removed --- 162 163 224 226 227 230 231 234 235 238 239 
[-5, 1, -6, 8, 2, 2, -7, -4, 16]--- 11 points removed --- 35 162 163 167 171 175 226 227 231 235 239 
[-8, 1, -2, 2, 6, -6, 4, -5, 15]--- 11 points removed --- 133 149 164 165 167 181 197 213 229 231 245 
[6, -1, 2, 4, 8, 8, 8, -7, 0]--- 11 points removed --- 1 17 33 49 64 65 81 97 113 129 193 
[4, -5, 2, 2, 6, 6, 6, -1, 0]--- 11 points removed --- 1 64 65 80 81 96 97 112 113 192 193 
[-7, -1, 3, 3, 8, 8, 8, 5, 0]--- 11 points removed --- 64 128 129 144 160 176 192 193 208 224 240 
[-1, 7, -8, 8, 2, 2, -8, -6, 15]--- 11 points removed --- 34 35 39 43 47 162 163 167 171 175 227 
[-1, -6, 4, 2, 8, -8, -8, 7, 15]--- 11 points removed --- 6 70 86 102 118 134 198 199 214 230 246 
[-6, -1, 8, 4, -2, 2, 5, -6, 9]--- 11 points removed --- 129 133 137 141 153 193 197 201 203 205 217 
[-4, 1, -5, 8, 2, -2, -3, -5, 14]--- 10 points removed --- 39 163 165 167 171 175 227 229 231 239 
[-3, 0, -3, 3, 1, -1, -2, -3, 9]--- 10 points removed --- 163 165 167 171 175 227 229 231 235 239 
[1, -3, -1, -3, 2, -3, -3, 0, 10]--- 10 points removed --- 86 87 118 119 126 127 214 215 246 247 
[-5, -1, -2, -2, 3, -6, 4, -5, 16]--- 10 points removed --- 149 165 181 189 197 213 229 245 247 253 
[-3, 1, -3, 3, 4, 5, -2, 2, 4]--- 9 points removed --- 34 130 160 162 163 178 224 226 227 
[7, -8, -8, 8, 1, -1, 8, -1, 10]--- 9 points removed --- 96 97 100 101 104 105 108 109 229 
[-5, -5, -5, 4, -1, 1, -5, 1, 16]--- 9 points removed --- 226 227 230 231 234 235 238 239 250 
[3, -3, -3, 2, -4, -2, -1, -5, 14]--- 9 points removed --- 47 79 105 107 109 111 125 127 239 
[-2, 2, -3, 3, 8, 8, -3, 1, 4]--- 9 points removed --- 34 35 130 160 162 163 178 226 227 
[1, -5, 6, 6, 8, 8, 8, -5, 3]--- 8 points removed --- 1 64 65 81 97 129 192 193 
[-8, -1, -8, 4, 3, 3, -2, 2, 15]--- 8 points removed --- 160 162 163 224 226 227 230 234 
[-2, -5, 6, 6, 8, 8, 8, 1, 0]--- 8 points removed --- 64 65 128 129 192 193 208 224 
[-2, 2, -6, 4, 3, 3, -6, -1, 11]--- 8 points removed --- 34 35 162 163 167 171 226 227 
[8, -8, -4, 2, -3, -2, 1, -3, 16]--- 8 points removed --- 101 105 107 108 109 111 125 127 
[-4, 8, -2, -2, -4, -1, -3, -4, 16]--- 7 points removed --- 155 159 171 175 187 189 191 
[-6, -6, -1, -6, -2, 4, 5, 8, 15]--- 7 points removed --- 208 216 220 240 248 250 252 
[-4, -4, 1, -4, -2, 2, 8, 3, 10]--- 7 points removed --- 208 216 217 220 240 248 252 
[-4, 8, -2, -2, -4, 1, -5, -3, 16]--- 7 points removed --- 155 159 171 175 186 187 191 
[-1, 6, 7, -1, -7, -7, -7, 6, 16]--- 6 points removed --- 14 30 142 158 159 222 
[-1, 2, -5, -5, -1, 3, -6, 2, 15]--- 6 points removed --- 50 58 178 186 187 250 
[3, -5, 3, -1, -2, 3, -2, -1, 8]--- 6 points removed --- 74 75 83 89 90 91 
[-5, -1, 8, -1, -6, 7, 8, -5, 12]--- 6 points removed --- 89 137 153 201 216 217 
[-2, -1, -3, -3, -1, -7, 8, -2, 16]--- 6 points removed --- 125 181 189 245 252 253 
[3, -3, 3, -2, -1, 3, -1, -2, 6]--- 6 points removed --- 75 81 83 89 90 91 
[3, -3, -3, -2, -1, -3, -2, -1, 12]--- 6 points removed --- 111 118 119 125 126 127 
[3, -3, -3, -1, -2, -3, -1, -2, 12]--- 6 points removed --- 109 111 119 125 126 127 
[-3, -3, -1, -3, -3, -1, 3, 2, 11]--- 5 points removed --- 216 220 248 252 253 
[-3, 8, 1, -3, -3, 1, -2, -8, 16]--- 5 points removed --- 153 155 159 187 191 
[-8, -3, 1, -4, -3, -1, 2, 3, 16]--- 5 points removed --- 216 220 222 248 252 
[-3, 3, 1, -3, -3, -1, -3, -2, 12]--- 5 points removed --- 155 158 159 187 191 
[-8, 1, 8, -1, -3, 3, 2, -7, 16]--- 5 points removed --- 137 153 155 201 217 
[2, -3, 3, -3, -1, 3, 1, -3, 7]--- 5 points removed --- 81 83 89 91 217 
[-3, 1, -3, -6, -1, -3, 2, -3, 16]--- 5 points removed --- 181 189 191 245 253 
[2, -3, -6, -1, -3, -3, 1, -3, 16]--- 5 points removed --- 109 111 125 127 253 
[-2, -1, -2, -1, -2, 2, -1, 2, 7]--- 4 points removed --- 186 234 248 250 
[-2, -1, 2, -2, -1, -2, -1, 2, 7]--- 4 points removed --- 158 214 220 222 
