[-4, -4, 1, 2, 5, 6, 7, 7, 0]--- 19 points removed --- 64 80 96 112 128 144 160 176 192 193 194 196 200 208 216 224 228 232 240 
[5, 6, 7, 7, -4, -4, 1, 2, 0]--- 19 points removed --- 4 5 6 7 8 9 10 11 12 13 14 15 28 44 76 78 140 141 142 
[5, 7, 8, 8, -4, -6, 2, 3, 0]--- 19 points removed --- 4 5 6 7 8 9 10 12 13 14 15 28 44 76 78 132 140 141 142 
[6, 8, 8, 7, -4, -5, 2, 1, 0]--- 19 points removed --- 4 5 6 7 8 9 10 11 12 13 14 15 28 29 44 76 140 141 142 
[-4, -5, 2, 1, 6, 8, 8, 7, 0]--- 19 points removed --- 64 80 96 112 128 144 160 176 192 193 194 196 200 208 209 216 224 232 240 
[-4, -6, 3, 2, 5, 8, 8, 7, 0]--- 19 points removed --- 64 72 80 96 112 128 144 160 192 193 194 196 200 208 209 216 224 232 240 
[-4, -6, 2, 3, 5, 7, 8, 8, 0]--- 19 points removed --- 64 72 80 96 112 128 144 160 192 193 194 196 200 208 216 224 228 232 240 
[5, 8, 8, 7, -4, -6, 3, 2, 0]--- 19 points removed --- 4 5 6 7 8 9 10 12 13 14 15 28 29 44 76 132 140 141 142 
[-4, -2, -2, 3, 5, 5, 8, 8, 0]--- 18 points removed --- 32 64 96 112 128 144 160 164 168 176 192 196 200 208 224 228 232 240 
[2, -4, -1, -3, 8, 6, 7, 6, 0]--- 18 points removed --- 16 32 48 64 80 81 84 96 112 113 114 116 144 176 192 208 224 240 
[-6, -2, 1, 4, 6, 4, 7, 7, 0]--- 18 points removed --- 64 96 128 132 144 160 164 176 192 193 194 196 200 208 224 228 232 240 
[8, 6, 7, 6, 2, -3, -1, -4, 0]--- 18 points removed --- 1 2 3 4 5 6 7 9 11 12 13 14 15 21 23 39 69 71 
[5, 5, 8, 8, -4, -2, -2, 3, 0]--- 18 points removed --- 2 4 6 7 8 9 10 11 12 13 14 15 74 76 78 138 140 142 
[4, 3, 8, 8, -5, -2, -2, 5, 1]--- 18 points removed --- 2 4 6 8 10 11 12 13 14 15 72 74 76 78 138 140 142 206 
[4, 3, 8, 8, -4, -1, -1, 3, 0]--- 18 points removed --- 2 4 6 8 9 10 11 12 13 14 15 72 74 76 78 138 140 142 
[-6, -1, -1, 5, 6, 3, 8, 8, 0]--- 18 points removed --- 32 64 96 128 132 144 160 164 168 176 192 196 200 208 224 228 232 240 
[-5, -2, -2, 5, 4, 3, 8, 8, 1]--- 18 points removed --- 32 64 96 128 132 160 164 168 176 192 196 200 208 224 228 232 236 240 
[7, 5, 8, 8, -7, -2, 1, 5, 0]--- 18 points removed --- 4 6 8 9 10 11 12 13 14 15 28 44 72 74 76 78 140 142 
[2, 5, 7, 4, 1, 6, -8, 5, 0]--- 17 points removed --- 2 3 6 10 11 14 18 26 34 66 74 130 131 138 146 154 194 
[5, 8, 7, 8, -2, -8, 3, 4, 0]--- 17 points removed --- 4 5 6 7 8 12 13 14 15 28 36 44 76 132 140 141 142 
[5, -1, -6, -1, 8, 7, 5, 7, 0]--- 17 points removed --- 16 32 34 48 50 64 80 96 98 112 113 114 116 160 176 224 240 
[1, -2, -2, -4, 8, 7, 7, 7, 0]--- 17 points removed --- 16 32 48 64 80 96 112 113 114 116 144 160 176 192 208 224 240 
[5, 8, 8, 4, -3, -3, 4, -2, 0]--- 17 points removed --- 1 4 5 7 8 9 11 12 13 14 15 21 25 28 29 140 141 
[6, 8, 8, 6, -3, -4, 2, -1, 0]--- 17 points removed --- 1 4 5 6 7 8 9 10 11 12 13 14 15 28 29 140 141 
[8, 6, 8, 5, 2, -4, 1, -4, 0]--- 17 points removed --- 1 3 4 5 6 7 9 11 12 13 14 15 21 23 29 69 71 
[1, 5, -7, 4, 2, 4, 6, 3, 0]--- 17 points removed --- 32 33 34 36 40 41 44 48 56 96 160 161 164 168 169 176 224 
[8, 5, 5, 5, 1, -2, -2, -2, 0]--- 17 points removed --- 1 2 3 4 5 6 7 9 10 11 12 13 14 15 23 39 71 
[-6, 1, -2, 4, 6, 4, 8, 7, 0]--- 17 points removed --- 32 96 128 132 144 160 161 164 168 176 192 196 208 224 228 232 240 
[8, 7, 6, 7, 2, -3, -4, -1, 0]--- 17 points removed --- 1 2 3 4 5 6 7 10 11 12 13 14 15 23 38 39 71 
[2, -4, 1, -4, 8, 6, 8, 5, 0]--- 17 points removed --- 16 48 64 80 81 84 96 112 113 116 144 176 192 208 209 224 240 
[8, 6, 5, 6, 3, -2, -4, -2, 0]--- 17 points removed --- 1 2 3 4 5 6 7 10 11 13 14 15 23 35 38 39 71 
[-1, 2, -6, 3, 4, 4, 7, 5, 0]--- 17 points removed --- 32 33 36 40 48 96 112 128 160 161 164 168 176 224 228 232 240 
[-2, -8, 3, 4, 5, 8, 7, 8, 0]--- 17 points removed --- 64 66 72 80 96 112 128 192 193 194 196 200 208 216 224 232 240 
[2, -3, -3, -1, 7, 6, 5, 6, 0]--- 17 points removed --- 16 32 48 64 80 96 98 112 113 114 116 160 176 192 208 224 240 
[-3, -3, 4, -2, 5, 8, 8, 4, 0]--- 17 points removed --- 16 64 80 81 112 128 144 145 176 192 193 200 208 209 216 224 240 
[-3, 1, -5, -2, -3, 1, -5, -3, 16]--- 17 points removed --- 59 63 123 171 175 179 183 186 187 190 191 235 239 243 250 251 255 
[5, 5, 8, 6, -1, 2, -7, 4, 0]--- 17 points removed --- 2 3 6 7 8 10 11 14 15 18 26 66 74 78 130 138 142 
[6, 6, 8, 8, -3, -4, -1, 2, 0]--- 17 points removed --- 2 4 5 6 7 8 9 10 11 12 13 14 15 76 78 140 142 
[6, 6, 8, 7, -4, 1, -4, 2, 0]--- 17 points removed --- 2 3 6 7 8 9 10 11 12 13 14 15 26 74 78 138 142 
[5, 5, 8, 7, -2, 1, -6, 3, 0]--- 17 points removed --- 2 3 6 7 8 10 11 12 14 15 26 66 74 78 130 138 142 
[6, 6, 8, 8, -3, -1, -4, 2, 0]--- 17 points removed --- 2 3 4 6 7 8 9 10 11 12 13 14 15 74 78 138 142 
[-3, -3, -1, 2, 5, 5, 7, 7, 0]--- 17 points removed --- 32 64 80 96 112 128 144 160 176 192 196 200 208 224 228 232 240 
[8, 5, 7, 8, -8, -1, 2, 5, 0]--- 17 points removed --- 4 8 9 10 11 12 13 14 15 28 40 44 72 74 76 78 140 
[-3, 1, -5, -3, -3, 1, -5, -2, 16]--- 17 points removed --- 59 63 123 171 175 179 183 186 187 190 191 235 243 250 251 254 255 
[2, -1, -3, -3, 8, 6, 5, 6, 0]--- 17 points removed --- 16 32 48 50 64 80 96 112 113 114 116 144 160 176 208 224 240 
[-2, 1, -6, 3, 5, 5, 8, 7, 0]--- 17 points removed --- 32 36 40 48 96 112 128 160 161 164 168 176 192 224 228 232 240 
[7, 6, 5, 6, 2, -1, -3, -3, 0]--- 17 points removed --- 1 2 3 4 5 6 7 9 10 11 13 14 15 23 35 39 71 
[-3, -3, 2, -1, 5, 7, 7, 5, 0]--- 17 points removed --- 16 64 80 96 112 128 144 160 176 192 193 200 208 209 216 224 240 
[3, -2, -4, -2, 8, 6, 5, 7, 0]--- 17 points removed --- 16 32 48 50 64 80 96 98 112 113 114 116 160 176 208 224 240 
[8, 7, 5, 7, 3, -1, -6, -1, 0]--- 17 points removed --- 1 2 3 4 5 6 7 10 11 14 15 23 34 35 38 39 71 
[-3, -1, -4, 2, 6, 6, 8, 8, 0]--- 17 points removed --- 32 48 64 96 112 128 144 160 164 168 176 192 208 224 228 232 240 
[-7, -1, 2, 4, 7, 4, 6, 7, 0]--- 17 points removed --- 64 128 130 132 144 160 164 176 192 193 194 196 200 208 224 228 240 
[-4, 1, -4, 2, 6, 6, 8, 7, 0]--- 17 points removed --- 32 48 96 112 128 144 160 161 164 168 176 192 208 224 228 232 240 
[6, 4, 8, 7, -6, 1, -2, 4, 0]--- 17 points removed --- 2 6 8 9 10 11 12 13 14 15 26 72 74 76 78 138 142 
[8, 6, 8, 4, 2, -3, 2, -5, 0]--- 16 points removed --- 1 3 4 5 6 7 9 11 12 13 15 17 21 23 29 69 
[7, 8, 8, 6, -1, -3, 2, -4, 0]--- 16 points removed --- 1 3 4 5 6 7 8 9 11 12 13 14 15 21 29 141 
[7, 7, 8, 8, -2, -4, -2, 1, 0]--- 16 points removed --- 2 3 4 5 6 7 8 9 10 11 12 13 14 15 78 142 
[7, 8, 8, 5, -2, -2, 3, -4, 0]--- 16 points removed --- 1 3 4 5 7 8 9 11 12 13 14 15 21 25 29 141 
[6, 8, 7, 6, -3, -2, 1, -2, 0]--- 16 points removed --- 1 3 4 5 6 7 8 9 10 11 12 13 14 15 29 141 
[7, 8, 8, 6, -3, -1, 2, -4, 0]--- 16 points removed --- 1 3 4 5 7 8 9 10 11 12 13 14 15 25 29 141 
[4, 5, 6, 5, 1, 3, -7, 2, 0]--- 16 points removed --- 2 3 6 7 10 11 14 15 18 26 34 66 74 130 131 138 
[8, 6, 8, 3, 1, -2, 3, -5, 0]--- 16 points removed --- 1 3 4 5 7 9 11 12 13 15 17 21 23 25 29 69 
[-2, -2, 5, -4, 6, 8, 8, 3, 0]--- 16 points removed --- 16 17 64 80 81 112 128 144 145 176 192 193 208 209 216 240 
[6, 8, 8, 5, -2, -4, 3, -2, 0]--- 16 points removed --- 1 4 5 6 7 8 9 11 12 13 14 15 21 28 29 141 
[5, 6, 6, 3, -1, -1, 3, -4, 0]--- 16 points removed --- 1 3 4 5 7 8 9 11 12 13 15 17 21 25 29 141 
[-1, -2, 4, -5, 7, 8, 8, 4, 0]--- 16 points removed --- 16 17 48 64 80 81 112 128 144 145 176 192 208 209 216 240 
[8, 5, 8, 4, 3, -3, 1, -5, 0]--- 16 points removed --- 1 3 4 5 6 7 9 11 13 15 17 21 23 29 69 71 
[6, 8, 8, 3, -2, -2, 5, -4, 0]--- 16 points removed --- 1 4 5 7 8 9 11 12 13 15 17 21 25 28 29 141 
[6, 8, 8, 5, -2, -5, 3, -1, 0]--- 16 points removed --- 1 4 5 6 7 8 9 12 13 14 15 21 28 29 140 141 
[7, 8, 8, 5, -4, -2, 3, -2, 0]--- 16 points removed --- 1 4 5 7 8 9 10 11 12 13 14 15 25 28 29 141 
[5, 8, 7, 4, -4, -2, 3, -1, 0]--- 16 points removed --- 1 4 5 8 9 10 11 12 13 14 15 25 28 29 140 141 
[-2, -2, 1, -2, 5, 8, 6, 5, 0]--- 16 points removed --- 16 48 64 80 96 112 128 144 160 176 192 208 209 216 224 240 
[-5, 1, -3, 6, 6, 2, 8, 7, 0]--- 16 points removed --- 32 36 96 128 132 160 161 164 168 176 192 196 224 228 232 240 
[-2, -2, -4, 1, 7, 7, 8, 8, 0]--- 16 points removed --- 32 48 64 80 96 112 128 144 160 176 192 208 224 228 232 240 
[-1, 4, -6, 5, 2, 5, 7, 3, 0]--- 16 points removed --- 32 33 36 40 41 48 96 128 160 161 164 168 169 176 224 232 
[4, 2, -8, 1, 6, 7, 4, 7, 0]--- 16 points removed --- 32 33 34 36 40 48 50 56 96 98 112 114 160 176 224 240 
[2, -2, 1, -6, 8, 6, 8, 5, 0]--- 16 points removed --- 16 17 48 64 80 81 84 96 112 113 116 144 176 208 209 240 
[-3, 1, -4, -2, -3, 0, -4, -2, 14]--- 16 points removed --- 59 63 171 175 179 183 186 187 190 191 235 239 250 251 254 255 
[2, -3, 2, -5, 8, 7, 8, 4, 0]--- 16 points removed --- 16 17 48 64 80 81 84 96 112 113 144 176 192 208 209 240 
[-1, -3, 2, -4, 7, 8, 8, 6, 0]--- 16 points removed --- 16 48 64 80 81 96 112 128 144 176 192 208 209 216 224 240 
[-5, -2, 3, -1, 6, 8, 8, 5, 0]--- 16 points removed --- 16 64 80 128 144 145 160 176 192 193 200 208 209 216 224 240 
[6, 7, 4, 7, 4, 2, -8, 1, 0]--- 16 points removed --- 2 3 6 7 10 11 14 15 18 34 35 38 39 66 130 131 
[2, 5, 8, 3, -1, 4, -6, 5, 0]--- 16 points removed --- 2 3 6 8 10 11 14 18 26 66 74 130 138 142 146 154 
[-2, -5, 3, -1, 6, 8, 8, 5, 0]--- 16 points removed --- 16 64 80 81 96 112 128 144 192 193 200 208 209 216 224 240 
[5, 2, 8, 6, -4, 1, -3, 5, 0]--- 16 points removed --- 2 6 8 10 11 12 14 15 26 66 72 74 76 78 138 142 
[-3, 0, -4, -2, -3, 1, -4, -2, 14]--- 16 points removed --- 59 123 171 175 179 186 187 190 191 235 239 243 250 251 254 255 
[1, 3, -8, 2, 5, 6, 7, 6, 0]--- 16 points removed --- 32 33 34 36 40 48 56 96 112 160 161 164 168 176 224 240 
[-2, -2, 3, -4, 6, 8, 8, 5, 0]--- 16 points removed --- 16 48 64 80 81 112 128 144 145 176 192 208 209 216 224 240 
[1, -2, 3, -5, 8, 6, 8, 3, 0]--- 16 points removed --- 16 17 48 64 80 81 84 112 113 144 145 176 192 208 209 240 
[-4, -2, 3, -2, 7, 8, 8, 5, 0]--- 16 points removed --- 16 64 80 112 128 144 145 160 176 192 193 208 209 216 224 240 
[-3, -1, 2, -3, 6, 8, 8, 5, 0]--- 16 points removed --- 16 48 64 80 112 128 144 145 160 176 192 208 209 216 224 240 
[-2, -4, 3, -2, 6, 8, 8, 5, 0]--- 16 points removed --- 16 64 80 81 96 112 128 144 176 192 193 208 209 216 224 240 
[8, 8, 6, 4, -1, 2, 4, -7, 0]--- 15 points removed --- 1 3 5 7 8 9 11 13 15 17 21 25 29 33 41 
[8, 8, 8, 4, -1, -1, -1, -1, 0]--- 15 points removed --- 1 2 3 4 5 6 7 8 9 10 11 12 13 14 15 
[-4, 1, 2, -4, 8, 8, 7, 6, 0]--- 15 points removed --- 16 48 80 112 128 144 145 146 160 176 192 208 209 224 240 
[-1, -5, -1, -1, 8, 8, 8, 8, 0]--- 15 points removed --- 16 32 48 64 80 96 112 128 144 160 176 192 208 224 240 
[4, 1, -6, -2, 7, 8, 4, 8, 0]--- 15 points removed --- 16 32 34 48 50 56 80 96 98 112 114 160 176 224 240 
[2, 1, -4, -4, 7, 8, 6, 8, 0]--- 15 points removed --- 16 32 48 50 56 80 96 112 114 144 160 176 208 224 240 
[7, 8, 4, 8, 4, 1, -6, -2, 0]--- 15 points removed --- 1 2 3 5 6 7 10 11 14 15 34 35 38 39 131 
[-1, 2, 4, -7, 8, 8, 6, 4, 0]--- 15 points removed --- 16 17 18 48 80 81 112 128 144 145 146 176 208 209 240 
[4, 2, -7, -1, 6, 8, 4, 8, 0]--- 15 points removed --- 16 32 34 40 48 50 56 96 98 112 114 160 176 224 240 
[8, 8, 7, 6, -4, 1, 2, -4, 0]--- 15 points removed --- 1 3 5 7 8 9 10 11 12 13 14 15 25 29 41 
[7, 8, 6, 8, 2, 1, -4, -4, 0]--- 15 points removed --- 1 2 3 5 6 7 9 10 11 13 14 15 35 39 131 
[8, 8, 7, 4, -2, 1, 4, -6, 0]--- 15 points removed --- 1 3 5 7 8 9 11 12 13 15 17 21 25 29 41 
[-2, 1, 4, -6, 8, 8, 7, 4, 0]--- 15 points removed --- 16 17 48 80 81 112 128 144 145 146 176 192 208 209 240 
[2, 3, -7, 1, 4, 6, 5, 6, 0]--- 15 points removed --- 32 33 34 36 40 48 50 56 96 112 160 168 176 224 240 
[5, 7, 6, 7, 2, 3, -8, 1, 0]--- 15 points removed --- 2 3 6 7 10 11 14 15 18 34 35 66 130 131 138 
[6, 8, 4, 8, 4, 2, -7, -1, 0]--- 15 points removed --- 1 2 3 6 7 10 11 14 15 34 35 38 39 130 131 
[6, 8, 2, 7, 5, 1, -4, -3, 0]--- 14 points removed --- 1 2 3 5 6 7 11 15 33 34 35 38 39 131 
[8, 1, -4, 2, 7, 6, -3, 5, 0]--- 14 points removed --- 2 18 32 34 35 38 48 50 66 96 98 99 112 114 
[5, 1, -4, -3, 6, 8, 2, 8, 0]--- 14 points removed --- 16 18 32 34 48 50 56 80 96 98 112 114 176 240 
[5, 4, 6, -3, -1, 2, 8, -8, 5]--- 14 points removed --- 1 5 9 13 17 21 25 29 57 81 89 93 145 153 
[8, -2, -8, -3, 7, 5, -1, 6, 6]--- 14 points removed --- 32 34 48 50 54 96 98 112 113 114 115 116 118 122 
[8, 6, -3, 7, 8, 2, -5, 1, 0]--- 14 points removed --- 2 3 6 7 32 33 34 35 36 38 39 50 98 99 
[-3, 2, -5, -3, -3, -1, -4, -2, 16]--- 14 points removed --- 59 63 171 175 179 183 186 187 189 190 191 251 254 255 
[8, 3, -6, 2, 8, 4, -1, 5, 0]--- 14 points removed --- 2 32 33 34 35 36 38 48 50 54 96 98 112 114 
[8, 2, -6, 3, 7, 5, -1, 4, 0]--- 14 points removed --- 2 32 33 34 35 36 38 48 50 96 98 99 112 114 
[3, 8, -6, 5, -2, 7, 8, 1, 0]--- 14 points removed --- 8 9 32 33 40 41 44 48 56 57 160 161 168 169 
[4, 5, 8, -3, 1, 2, 8, -6, 2]--- 14 points removed --- 1 5 9 13 16 17 21 25 29 81 89 145 149 153 
[7, 4, -1, 5, 7, 3, -6, 2, 0]--- 14 points removed --- 2 3 6 7 18 32 34 35 38 39 50 66 98 99 
[7, 2, -8, 2, 7, 6, 1, 6, 0]--- 14 points removed --- 32 33 34 35 36 38 40 48 50 96 98 112 114 160 
[3, 1, -2, -5, 6, 8, 4, 7, 0]--- 14 points removed --- 16 18 32 48 50 56 80 96 112 114 144 176 208 240 
[5, -2, -5, -2, 8, 4, 1, 4, 3]--- 14 points removed --- 32 34 48 50 80 96 98 112 113 114 115 116 118 240 
[-2, 8, 8, -1, 4, 7, -5, 6, 0]--- 14 points removed --- 2 10 16 18 26 128 130 131 138 144 146 147 150 154 
[3, 8, -7, 5, -1, 6, 8, 2, 0]--- 14 points removed --- 8 32 33 36 40 41 44 48 56 57 160 161 168 169 
[8, 1, -5, 3, 7, 6, -2, 4, 0]--- 14 points removed --- 2 32 33 34 35 38 48 50 66 96 98 99 112 114 
[-1, 2, 8, -8, 6, 5, 7, -3, 4]--- 14 points removed --- 16 17 21 25 80 81 144 145 147 149 153 208 209 213 
[-5, -2, 2, 5, 5, 1, 5, 4, 1]--- 14 points removed --- 64 128 132 160 164 192 193 194 196 197 200 208 224 228 
[-1, 6, 8, 2, 4, 8, -7, 5, 0]--- 14 points removed --- 2 3 10 18 26 66 128 130 131 138 146 147 154 194 
[5, 4, 1, 4, 5, 2, -6, 2, 0]--- 14 points removed --- 2 3 6 7 10 18 34 35 38 39 50 66 98 130 
[1, 2, 8, -6, 4, 5, 8, -3, 2]--- 14 points removed --- 1 16 17 21 25 80 81 89 144 145 149 153 208 209 
[3, 7, -5, 6, -2, 8, 8, -1, 0]--- 14 points removed --- 1 8 9 32 33 40 41 56 57 105 160 161 168 169 
[-2, -1, -4, -3, -3, 3, -5, -2, 15]--- 14 points removed --- 59 122 123 171 179 186 187 191 219 235 243 250 251 255 
[-1, 3, 5, -6, 8, 8, 4, 2, 0]--- 14 points removed --- 16 17 18 48 80 81 128 144 145 146 147 176 208 209 
[8, 6, -2, 4, 8, 1, -5, 3, 0]--- 14 points removed --- 2 3 6 7 18 32 34 35 36 38 39 50 54 98 
[-2, -1, -4, -3, -2, 3, -5, -3, 15]--- 14 points removed --- 59 115 123 171 179 186 187 191 219 235 243 250 251 255 
[-2, 3, -5, -3, -2, -1, -4, -3, 15]--- 14 points removed --- 55 59 63 171 175 179 183 186 187 189 190 191 251 255 
[-3, 3, -6, -2, -2, -1, -4, -3, 16]--- 14 points removed --- 59 63 167 171 175 179 183 186 187 189 190 191 251 255 
[6, 4, -1, 5, 7, -2, -8, -3, 7]--- 14 points removed --- 2 3 6 7 23 34 35 38 39 55 71 99 103 167 
[7, 6, -3, 5, 7, 1, -4, 2, 0]--- 14 points removed --- 2 3 6 7 32 33 34 35 36 38 39 50 54 98 
[7, 8, 5, 8, 3, 1, -2, -6, 0]--- 14 points removed --- 1 2 3 5 6 7 9 11 13 15 33 35 39 131 
[6, 5, -1, 4, 8, -3, -7, -2, 6]--- 14 points removed --- 2 3 6 7 23 34 35 38 39 54 55 71 103 167 
[-2, 6, 8, 1, 3, 8, -5, 4, 0]--- 14 points removed --- 2 3 10 18 26 128 130 131 138 144 146 147 154 194 
[-3, -1, -4, -3, -3, 2, -5, -2, 16]--- 14 points removed --- 59 123 171 179 186 187 191 219 235 243 250 251 254 255 
[6, 4, 1, 4, 5, -2, -5, -2, 3]--- 14 points removed --- 2 3 5 6 7 15 23 34 35 38 39 55 71 103 
[8, 3, -5, 1, 8, 4, -2, 6, 0]--- 14 points removed --- 2 18 32 34 35 36 38 48 50 54 96 98 112 114 
[8, 8, 5, 2, -1, 4, 6, -7, 0]--- 14 points removed --- 1 3 5 8 9 11 13 17 21 25 29 33 41 57 
[7, 5, -1, 4, 7, 2, -6, 3, 0]--- 14 points removed --- 2 3 6 7 18 32 34 35 38 39 50 54 66 98 
[8, -4, -8, -2, 7, 6, -1, 5, 7]--- 14 points removed --- 32 34 48 50 96 98 99 112 113 114 115 116 118 122 
[-3, 2, -5, -2, -3, -1, -4, -3, 16]--- 14 points removed --- 59 63 171 175 179 183 186 187 189 190 191 239 251 255 
[-3, -1, -4, -2, -3, 2, -5, -3, 16]--- 14 points removed --- 59 123 171 179 186 187 191 219 235 239 243 250 251 255 
[7, 2, -4, 1, 8, 5, -3, 6, 0]--- 14 points removed --- 2 18 32 34 35 38 48 50 54 66 96 98 112 114 
[6, 1, 6, 5, -6, -3, 2, 6, 2]--- 14 points removed --- 4 8 10 12 13 14 28 44 72 74 76 78 92 140 
[8, 5, -2, 7, 8, 4, -6, 1, 0]--- 14 points removed --- 2 3 6 7 32 33 34 35 38 39 50 66 98 99 
[-3, 1, -6, -2, -3, -1, -3, -2, 16]--- 13 points removed --- 63 171 175 183 186 187 189 190 191 239 251 254 255 
[1, 4, 8, -7, 3, 4, 8, -5, 4]--- 13 points removed --- 1 16 17 21 25 29 81 89 144 145 149 153 209 
[-2, 3, -4, -2, -1, -1, -3, -3, 12]--- 13 points removed --- 55 59 63 167 171 175 179 183 187 189 190 191 255 
[-3, -1, -2, -4, -6, 1, -4, 1, 16]--- 13 points removed --- 122 154 186 187 190 191 218 219 222 250 251 254 255 
[2, 5, 4, 1, 2, 5, -8, 5, 2]--- 13 points removed --- 2 3 6 10 18 26 34 50 66 130 138 146 154 
[3, -5, -2, 1, 7, 7, 4, 7, 0]--- 13 points removed --- 32 48 64 66 80 96 98 112 114 192 208 224 240 
[-4, 1, -6, 1, -3, -1, -2, -4, 16]--- 13 points removed --- 167 169 171 173 175 187 189 191 235 237 239 251 255 
[-3, 8, 8, -1, 4, 5, -2, 3, 0]--- 13 points removed --- 2 16 18 128 130 131 138 144 145 146 147 150 154 
[8, 8, -3, 5, 8, -1, -6, 2, 2]--- 13 points removed --- 2 3 6 7 32 34 35 36 38 39 50 54 55 
[8, 6, -2, 8, 8, 4, -5, -1, 0]--- 13 points removed --- 1 2 3 6 7 32 33 34 35 38 39 98 99 
[-4, 3, -5, -1, -2, -2, -3, -4, 16]--- 13 points removed --- 63 167 171 173 175 179 183 187 189 190 191 239 255 
[8, 8, -2, 6, 8, -1, -5, 4, 0]--- 13 points removed --- 2 3 4 6 7 32 34 35 36 38 39 50 54 
[5, 7, -3, 4, -4, 8, 8, -1, 0]--- 13 points removed --- 1 8 9 25 32 33 40 41 56 57 105 168 169 
[-2, -1, -3, -3, -3, 2, -4, -1, 13]--- 13 points removed --- 59 122 123 186 187 191 219 235 243 250 251 254 255 
[1, 3, 2, -8, 7, 7, 4, 5, 1]--- 13 points removed --- 16 17 18 48 50 80 112 144 145 146 176 208 240 
[7, -1, -4, 3, 7, 7, -2, 5, 0]--- 13 points removed --- 2 32 34 35 48 50 64 66 96 98 99 112 114 
[8, 6, -4, 3, 8, 2, -4, 5, 0]--- 13 points removed --- 2 6 18 32 34 35 36 38 39 48 50 54 98 
[-2, -2, -3, -4, -4, 3, -5, -1, 16]--- 13 points removed --- 59 122 123 186 187 218 219 235 243 250 251 254 255 
[-8, 1, 3, 2, 8, 6, 5, 8, 0]--- 13 points removed --- 128 130 132 144 146 160 176 192 194 196 208 224 240 
[6, 8, 5, 8, 1, -8, 2, 4, 0]--- 13 points removed --- 4 5 6 7 12 13 14 15 36 38 44 132 140 
[8, -1, -6, 2, 8, 8, -3, 5, 2]--- 13 points removed --- 2 32 34 35 48 50 66 96 98 99 112 114 115 
[-3, -1, -3, -2, -3, 1, -6, -2, 16]--- 13 points removed --- 123 171 186 187 191 219 235 239 243 250 251 254 255 
[1, -8, 2, 3, 6, 8, 5, 8, 0]--- 13 points removed --- 64 66 72 80 96 98 112 192 194 200 208 224 240 
[-1, -1, -4, -4, -3, 4, -5, -3, 16]--- 13 points removed --- 59 115 122 123 179 186 187 219 235 243 250 251 255 
[2, 7, -8, 7, 2, 7, 6, 1, 0]--- 13 points removed --- 32 33 34 35 36 40 41 48 96 160 161 168 169 
[8, 3, -5, -1, 8, 6, -2, 8, 0]--- 13 points removed --- 2 16 18 32 34 38 48 50 54 96 98 112 114 
[6, 3, -4, 5, 6, 3, -2, 1, 0]--- 13 points removed --- 2 3 32 33 34 35 36 38 39 50 96 98 99 
[8, 1, -2, 5, 8, 7, -6, 5, 0]--- 13 points removed --- 2 3 18 32 34 35 38 50 66 96 98 99 114 
[8, 4, -1, 3, 8, 4, -7, 5, 0]--- 13 points removed --- 2 3 6 18 32 34 35 38 50 54 66 98 114 
[-2, 4, 8, 4, 5, 8, -6, 3, 0]--- 13 points removed --- 2 3 10 18 66 128 130 131 138 146 147 194 195 
[5, 8, -7, 3, -1, 4, 8, 4, 0]--- 13 points removed --- 8 32 33 36 40 41 44 48 56 57 60 160 168 
[8, 8, 2, 8, 6, -3, -5, 1, 0]--- 13 points removed --- 2 3 4 5 6 7 14 15 34 35 36 38 39 
[6, 3, -2, 1, 8, 3, -4, 5, 0]--- 13 points removed --- 2 6 18 32 34 35 38 48 50 54 66 98 114 
[-3, 2, -4, -1, -2, -1, -3, -3, 13]--- 13 points removed --- 63 167 171 175 179 183 187 189 190 191 239 251 255 
[8, 8, 5, 6, 1, 3, 2, -8, 0]--- 13 points removed --- 1 3 5 7 9 11 13 15 17 25 33 35 41 
[2, 3, 6, -4, 1, 3, 6, -5, 3]--- 13 points removed --- 1 9 16 17 21 25 29 81 89 145 149 153 209 
[7, 5, 4, 7, -7, 1, 3, 2, 0]--- 13 points removed --- 8 9 10 11 12 13 14 15 40 41 44 72 76 
[8, 8, 5, 8, 3, -6, -2, 1, 0]--- 13 points removed --- 2 3 4 5 6 7 12 13 14 15 36 38 39 
[8, 1, -4, 5, 8, 7, -4, 3, 0]--- 13 points removed --- 2 3 32 33 34 35 38 50 66 96 98 99 114 
[8, 5, -7, 4, 8, 3, -2, 4, 1]--- 13 points removed --- 2 32 33 34 35 36 38 39 48 50 54 96 98 
[6, 5, -4, 3, 8, 1, -2, 3, 0]--- 13 points removed --- 2 6 32 33 34 35 36 38 39 48 50 54 98 
[7, 2, -5, -1, 7, 4, -3, 7, 2]--- 13 points removed --- 2 18 32 34 38 48 50 54 96 98 112 114 118 
[8, 4, -7, 6, 8, 4, -1, 3, 0]--- 13 points removed --- 2 32 33 34 35 36 38 39 48 50 96 98 99 
[6, -3, -5, 1, 8, 8, 2, 8, 0]--- 13 points removed --- 32 34 48 50 64 66 80 96 98 112 114 224 240 
[8, 5, -3, 8, 8, 2, -6, -1, 2]--- 13 points removed --- 2 3 6 7 32 33 34 35 38 39 98 99 103 
[8, 3, -4, 7, 8, 6, -4, 1, 0]--- 13 points removed --- 2 3 32 33 34 35 38 39 50 66 96 98 99 
[8, 3, -1, 4, 8, 6, -7, 4, 0]--- 13 points removed --- 2 3 6 18 32 34 35 38 50 66 98 99 114 
[6, 4, -3, 1, 6, 2, -3, 5, 0]--- 13 points removed --- 2 6 18 32 34 35 36 38 48 50 54 98 114 
[-8, -3, -3, 8, 5, -1, 7, 7, 7]--- 12 points removed --- 128 132 160 164 192 196 224 228 229 230 232 236 
[7, 8, 7, -1, 2, -2, 6, -8, 3]--- 12 points removed --- 1 5 7 9 13 17 21 23 25 29 53 149 
[-7, -7, 8, 8, 8, 8, 6, 7, 0]--- 12 points removed --- 64 66 128 130 192 193 194 195 196 200 208 224 
[-8, -2, -1, 8, 5, -2, 5, 4, 7]--- 12 points removed --- 128 132 160 164 192 196 197 224 228 229 230 236 
[-3, 1, -4, -1, -3, -1, -3, -3, 14]--- 12 points removed --- 63 171 175 183 187 189 190 191 235 239 251 255 
[4, 8, 3, 8, 1, -8, 4, 5, 0]--- 12 points removed --- 4 5 6 12 13 14 36 38 44 132 140 164 
[-4, 2, 8, -8, 7, 7, 6, -1, 5]--- 12 points removed --- 16 17 80 81 144 145 146 147 149 153 208 209 
[7, -3, 7, 5, -8, -3, -1, 8, 7]--- 12 points removed --- 8 10 12 14 72 74 76 78 92 94 110 206 
[8, 7, 7, 1, -8, -8, 8, 2, 7]--- 12 points removed --- 4 8 12 13 14 28 29 44 60 76 92 140 
[2, -1, 5, -7, 4, 7, 5, -2, 4]--- 12 points removed --- 16 17 25 80 81 83 89 113 144 145 208 209 
[-5, 2, 2, -1, 8, 8, 4, 5, 0]--- 12 points removed --- 16 128 130 144 145 146 160 176 192 208 224 240 
[4, 6, 5, -2, 2, -1, 5, -6, 3]--- 12 points removed --- 1 5 9 13 17 21 23 25 29 53 145 149 
[2, -2, 6, -8, 7, 8, 7, -1, 3]--- 12 points removed --- 16 17 80 81 83 89 112 113 144 145 208 209 
[-2, -1, -2, -3, -3, 1, -3, 0, 11]--- 12 points removed --- 122 123 186 187 190 191 218 219 250 251 254 255 
[6, -1, 7, 7, -8, -4, -2, 8, 7]--- 12 points removed --- 8 10 12 14 72 74 76 78 94 110 142 206 
[-3, -3, 3, 2, 3, 2, 2, 1, 2]--- 12 points removed --- 64 128 192 193 194 195 196 197 200 208 209 224 
[3, 2, 5, 7, 3, 6, -8, 7, 0]--- 12 points removed --- 2 3 6 10 18 34 66 74 98 130 138 194 
[-3, 1, -3, 0, -2, -1, -2, -3, 11]--- 12 points removed --- 167 171 173 175 183 187 189 191 235 239 251 255 
[2, 4, -5, 4, 2, 1, 3, 4, 0]--- 12 points removed --- 32 33 34 36 38 40 44 48 96 160 164 168 
[1, -8, 4, 5, 4, 8, 3, 8, 0]--- 12 points removed --- 64 66 72 74 80 96 98 192 194 200 208 224 
[7, 7, 6, -1, -2, 4, 8, -8, 3]--- 12 points removed --- 1 5 9 13 17 21 25 29 41 57 89 153 
[8, 8, 6, 7, -7, 2, 2, -1, 0]--- 12 points removed --- 1 8 9 10 11 12 13 14 15 25 40 41 
[7, 8, 2, 6, -6, -6, 8, 7, 3]--- 12 points removed --- 4 8 12 13 14 28 36 40 44 60 76 140 
[-3, -1, -3, -3, -3, 1, -4, -1, 14]--- 12 points removed --- 123 186 187 190 191 219 235 243 250 251 254 255 
[-3, 1, -4, -3, -3, -1, -3, -1, 14]--- 12 points removed --- 63 175 183 186 187 189 190 191 250 251 254 255 
[-3, -1, -3, -1, -3, 1, -4, -3, 14]--- 12 points removed --- 123 171 175 187 191 219 235 239 243 250 251 255 
[-2, 1, 6, 4, 4, 5, -3, 2, 0]--- 11 points removed --- 2 3 66 128 130 131 138 146 192 194 195 
[2, 8, -6, 8, 1, 8, 7, -2, 0]--- 11 points removed --- 1 9 32 33 35 40 41 160 161 168 169 
[-4, -1, -4, -1, -4, -1, -3, -1, 16]--- 11 points removed --- 175 187 190 191 235 238 239 250 251 254 255 
[4, 8, -3, 2, -2, 1, 8, 4, 0]--- 11 points removed --- 8 12 32 36 40 41 44 48 56 60 168 
[-4, -1, -3, -3, -3, -1, -5, 1, 16]--- 11 points removed --- 186 187 190 191 222 238 246 250 251 254 255 
[7, -2, 8, 8, -6, 2, 1, 8, 0]--- 11 points removed --- 8 10 12 14 64 66 72 74 76 78 200 
[8, 4, 6, -2, -2, -1, 6, -5, 4]--- 11 points removed --- 1 5 9 13 17 21 25 28 29 89 93 
[8, -1, 8, 8, -3, 2, -1, 8, 0]--- 11 points removed --- 2 8 10 12 14 64 66 72 74 76 78 
[-3, -2, -2, -1, -3, 2, -6, -3, 16]--- 11 points removed --- 123 171 187 203 219 235 239 243 250 251 255 
[8, 7, 8, -1, -2, -2, 8, -6, 3]--- 11 points removed --- 1 5 9 12 13 17 21 25 28 29 93 
[5, 6, -3, 2, 8, -7, -8, -3, 13]--- 11 points removed --- 6 7 23 35 38 39 54 55 103 167 183 
[-3, -1, -4, 1, -5, -1, -3, -3, 16]--- 11 points removed --- 111 171 175 187 191 235 237 238 239 251 255 
[-5, 3, 1, 8, 7, -3, 8, 8, 0]--- 11 points removed --- 4 36 128 132 140 160 164 192 196 224 228 
[1, 8, 7, -2, 2, 8, -6, 8, 0]--- 11 points removed --- 2 10 16 18 26 50 130 138 144 146 154 
[8, -1, 5, 3, -5, -2, 1, 5, 3]--- 11 points removed --- 8 10 12 14 28 72 74 76 78 92 94 
[2, 8, 6, -1, 2, 8, -7, 8, 0]--- 11 points removed --- 2 10 16 18 26 34 50 130 138 146 154 
[-2, -2, 8, -6, 8, 7, 8, -1, 3]--- 11 points removed --- 16 17 80 81 144 145 192 193 208 209 213 
[5, -4, -5, -2, 3, 4, -2, 1, 8]--- 11 points removed --- 50 96 98 99 112 113 114 115 118 122 123 
[-3, 2, -1, 8, 5, -1, 5, 8, 0]--- 11 points removed --- 4 32 36 128 132 160 164 192 196 224 228 
[3, 8, -7, 8, 3, 8, 5, -1, 0]--- 11 points removed --- 1 32 33 34 35 40 41 160 161 168 169 
[-3, 2, -6, -3, -3, -2, -2, -1, 16]--- 11 points removed --- 63 175 183 186 187 188 189 190 191 254 255 
[-2, 4, 4, -3, 5, 5, 1, 2, 0]--- 11 points removed --- 16 17 18 128 130 144 145 146 147 176 208 
[5, 5, 1, 2, -2, 4, 4, -3, 0]--- 11 points removed --- 1 8 9 11 13 17 25 33 40 41 57 
[-2, -1, 8, -7, 8, 6, 8, -4, 6]--- 11 points removed --- 16 17 80 81 144 145 149 193 208 209 213 
[-8, -2, 1, 8, 8, -1, 8, 6, 3]--- 11 points removed --- 128 132 160 164 192 193 196 197 224 228 229 
[-2, -1, 4, 4, 4, 4, -1, 2, 0]--- 10 points removed --- 2 64 66 128 130 131 192 193 194 195 
[-1, -2, -3, 2, -3, -2, -1, -1, 10]--- 10 points removed --- 109 110 111 175 235 236 237 238 239 255 
[-3, -1, -2, 0, -3, 1, -3, -3, 12]--- 10 points removed --- 171 175 187 191 203 219 235 239 251 255 
[3, -3, -2, -3, 8, 1, 2, 3, 4]--- 10 points removed --- 48 80 84 96 112 113 114 116 118 240 
[-8, -6, -6, 8, 2, -4, 4, 4, 16]--- 10 points removed --- 164 196 224 228 229 230 232 236 237 238 
[3, -4, 4, 4, -8, -5, -7, 8, 16]--- 10 points removed --- 14 74 76 78 94 110 142 206 222 238 
[4, 4, -1, 2, -2, -1, 4, 4, 0]--- 10 points removed --- 4 8 12 28 32 36 40 44 56 60 
[-5, 7, 7, -1, -1, 8, -8, 8, 7]--- 10 points removed --- 2 10 18 26 130 138 146 154 186 218 
[-3, -2, -1, -1, -1, -2, -3, 2, 10]--- 10 points removed --- 190 206 214 222 230 238 246 250 254 255 
[-2, -2, -6, 3, -4, -3, -1, -2, 16]--- 10 points removed --- 109 111 173 175 235 236 237 238 239 255 
[-4, -3, -2, -1, -2, -3, -4, 2, 15]--- 10 points removed --- 190 206 222 230 238 239 246 250 254 255 
[-4, -2, -3, -2, -3, -2, -4, 1, 16]--- 10 points removed --- 190 191 222 238 239 246 250 251 254 255 
[-2, -3, -4, 2, -4, -3, -2, -1, 15]--- 10 points removed --- 110 111 175 235 236 237 238 239 254 255 
[8, 2, 3, 4, 4, -5, -3, -4, 6]--- 10 points removed --- 3 5 6 7 15 23 39 69 71 103 
[6, -8, -6, -5, 5, 8, -3, -2, 16]--- 10 points removed --- 83 98 99 112 113 114 115 122 123 243 
[-1, 5, -5, 8, -2, 4, 4, -1, 4]--- 10 points removed --- 32 33 40 41 160 161 168 169 171 173 
[-3, 1, -3, -3, -3, -1, -2, 0, 12]--- 10 points removed --- 186 187 188 189 190 191 250 251 254 255 
[-2, -4, -3, 2, -3, -4, -2, 1, 14]--- 10 points removed --- 110 111 206 230 236 237 238 239 254 255 
[3, 6, -3, -1, 4, -5, -4, -3, 11]--- 10 points removed --- 7 23 38 39 53 54 55 63 167 183 
[-3, -4, -2, 1, -2, -4, -3, 2, 14]--- 10 points removed --- 110 206 222 230 236 238 239 246 254 255 
[-3, 3, -4, -2, -3, -3, -1, -2, 14]--- 10 points removed --- 63 173 175 183 187 188 189 190 191 255 
[-3, -3, -1, -2, -3, 3, -6, -2, 16]--- 10 points removed --- 123 187 203 218 219 235 243 250 251 255 
[-3, -1, -3, -2, -3, -1, -3, 0, 13]--- 10 points removed --- 186 187 190 191 238 239 250 251 254 255 
[-3, -2, -4, 1, -4, -2, -3, -2, 16]--- 10 points removed --- 111 175 191 235 237 238 239 251 254 255 
[-3, -1, -4, 2, -5, -2, -2, -3, 16]--- 10 points removed --- 111 171 173 175 191 235 237 238 239 255 
[-3, -1, -6, 0, -3, -1, -3, -2, 16]--- 10 points removed --- 171 175 187 191 235 238 239 251 254 255 
[-4, -2, -2, -3, -3, -1, -4, 2, 15]--- 10 points removed --- 186 190 218 222 238 246 250 251 254 255 
[3, -3, -2, -3, 4, 3, 2, 1, 4]--- 10 points removed --- 48 80 81 96 112 113 114 115 116 240 
[-4, -3, -1, -2, -2, -2, -4, 3, 14]--- 10 points removed --- 190 206 214 218 222 238 246 250 254 255 
[8, 7, 4, 3, 7, -5, -4, -5, 6]--- 10 points removed --- 3 5 6 7 15 21 23 39 55 71 
[2, 4, -3, 4, 2, -1, 2, 4, 0]--- 9 points removed --- 4 32 34 36 38 40 44 160 164 
[-6, -3, -2, 8, 2, -3, 3, 1, 10]--- 9 points removed --- 164 196 197 224 228 229 230 236 237 
[5, 8, 4, -4, 5, -5, 3, -8, 9]--- 9 points removed --- 5 7 17 21 23 29 53 55 149 
[-2, -2, -7, 8, -3, -4, 1, -2, 16]--- 9 points removed --- 109 111 173 175 229 236 237 238 239 
[1, -3, -3, 2, -1, -2, 1, -3, 9]--- 9 points removed --- 101 103 105 109 111 125 229 237 239 
[-1, -2, 1, -3, 1, -5, -3, 2, 11]--- 9 points removed --- 86 94 118 150 214 215 222 246 254 
[-1, -3, 2, 2, -5, -7, -5, 8, 16]--- 9 points removed --- 14 78 94 110 142 206 222 238 254 
[3, -5, 6, -2, -2, -4, -1, 2, 10]--- 9 points removed --- 76 78 84 86 92 93 94 95 222 
[-2, -5, -1, 3, -4, -5, -4, 4, 16]--- 9 points removed --- 78 110 206 222 230 236 238 239 254 
[-3, -6, -2, 3, 4, -8, 8, -3, 16]--- 9 points removed --- 69 101 196 197 213 228 229 237 245 
[7, -8, -6, -7, 7, 8, -1, -2, 16]--- 9 points removed --- 81 83 99 112 113 114 115 123 243 
[-3, -7, 1, -2, -2, -2, -4, 8, 16]--- 9 points removed --- 94 206 214 218 222 238 246 250 254 
[-5, -8, 2, 3, 8, -6, 8, -5, 16]--- 9 points removed --- 69 101 193 196 197 213 228 229 245 
[-4, -2, 1, -4, -4, 2, -3, 2, 13]--- 9 points removed --- 154 186 216 218 219 222 250 251 254 
[7, -7, 1, -8, 7, 8, 6, -2, 9]--- 9 points removed --- 17 80 81 83 89 112 113 115 209 
[5, 2, 3, -1, -5, -5, 5, 2, 6]--- 9 points removed --- 12 13 28 29 44 60 76 92 93 
[-3, 2, 8, 2, 3, 8, -1, 3, 0]--- 9 points removed --- 2 128 130 131 138 144 146 192 194 
[-5, -5, -7, 8, -1, -3, 2, 2, 16]--- 9 points removed --- 224 228 229 230 232 236 237 238 239 
[-5, -5, 5, 2, 5, 2, 3, -1, 6]--- 9 points removed --- 192 193 194 195 196 197 208 209 213 
[4, -3, 4, 8, 4, 8, -7, 8, 2]--- 9 points removed --- 2 10 34 64 66 74 98 130 194 
[-3, -4, -3, 3, -2, -4, -1, 2, 13]--- 9 points removed --- 110 206 228 230 236 237 238 239 254 
[-1, -4, -2, 3, -3, -4, -3, 2, 13]--- 9 points removed --- 78 110 111 206 230 236 238 239 254 
[4, -3, 4, -2, -2, -4, 1, 2, 7]--- 9 points removed --- 28 76 78 84 86 92 93 94 95 
[5, 8, -3, 5, -5, 4, 8, 4, 0]--- 9 points removed --- 8 9 12 32 40 41 44 56 168 
[1, 4, -3, -2, 2, -4, -3, -3, 11]--- 9 points removed --- 23 39 53 54 55 63 167 183 191 
[5, 8, -3, -4, 7, -8, -4, -5, 16]--- 9 points removed --- 7 21 23 39 53 54 55 63 183 
[2, -3, 2, 4, 2, 4, -1, 4, 0]--- 9 points removed --- 2 64 66 72 74 96 98 192 194 
[4, -5, 5, 3, -8, -5, -4, 8, 14]--- 9 points removed --- 14 74 76 78 92 94 110 206 222 
[-3, -4, -3, 2, -1, -7, -2, 3, 16]--- 9 points removed --- 110 206 228 230 236 238 239 246 254 
[4, 8, -3, 8, 4, -7, 4, 8, 2]--- 9 points removed --- 4 6 12 32 36 38 44 132 164 
[3, -7, -4, -4, 1, 8, -4, -2, 16]--- 9 points removed --- 83 99 113 114 115 122 123 243 251 
[-7, 2, -3, 2, -4, -2, 1, -4, 16]--- 9 points removed --- 141 169 171 173 175 189 191 237 239 
[4, -2, -1, 4, 3, -3, -2, -4, 8]--- 8 points removed --- 7 39 69 71 99 101 103 111 
[3, -3, -2, -8, 8, -2, -1, 8, 12]--- 8 points removed --- 54 84 86 112 114 116 118 246 
[-3, -2, 4, -2, 4, 1, 4, -3, 6]--- 8 points removed --- 81 145 149 193 197 208 209 213 
[-4, -4, -5, 5, -2, -5, 3, -1, 16]--- 8 points removed --- 109 173 228 229 236 237 238 239 
[8, -2, 6, -7, -7, -6, 5, -1, 16]--- 8 points removed --- 28 29 89 92 93 94 95 125 
[-1, 3, 2, 8, 2, -3, 8, 8, 0]--- 8 points removed --- 4 12 36 128 132 140 164 196 
[8, -4, -3, 8, 3, -4, -2, -8, 15]--- 8 points removed --- 39 69 71 99 101 103 109 111 
[4, -1, 3, -4, -4, -2, 3, -2, 9]--- 8 points removed --- 25 28 29 89 92 93 95 125 
[-3, -3, 4, -1, 4, 2, 4, -2, 5]--- 8 points removed --- 81 145 192 193 197 208 209 213 
[6, -7, 8, 8, -1, 7, 2, 8, 0]--- 8 points removed --- 8 64 66 72 74 76 192 200 
[3, -4, -5, -5, -1, 5, -5, -1, 16]--- 8 points removed --- 59 114 115 122 123 243 250 251 
[-4, -3, 2, -1, 4, -2, 3, -8, 14]--- 8 points removed --- 149 193 197 209 213 215 229 245 
[4, 5, -3, 5, 1, -2, 4, 8, 0]--- 8 points removed --- 4 12 32 36 38 40 44 164 
[-5, -6, 5, 2, 6, -1, 6, -4, 10]--- 8 points removed --- 69 192 193 196 197 209 213 229 
[8, 6, 8, -2, -7, -7, 8, -1, 9]--- 8 points removed --- 12 13 21 25 28 29 92 93 
[3, 4, 1, -2, 3, 4, -2, 4, 0]--- 8 points removed --- 2 16 18 26 34 48 50 146 
[2, -3, -1, -4, 8, -3, -2, 8, 9]--- 8 points removed --- 54 84 86 114 116 118 214 246 
[3, 8, -2, 4, 3, 4, 1, -2, 0]--- 8 points removed --- 1 3 32 33 34 35 41 161 
[-2, -4, 2, -3, -1, -3, -4, 4, 13]--- 8 points removed --- 86 94 206 214 218 222 246 254 
[-4, -6, 2, 4, 7, -3, 8, -1, 9]--- 8 points removed --- 69 192 193 196 197 213 228 229 
[4, -1, 4, -2, -3, -7, 3, 2, 9]--- 8 points removed --- 12 28 29 76 84 92 93 94 
[-1, 3, -3, -1, 1, -2, -3, -3, 10]--- 8 points removed --- 39 55 63 167 175 179 183 191 
[1, -5, 8, -3, -2, -7, -4, 4, 16]--- 8 points removed --- 78 86 92 94 95 206 214 222 
[-2, -3, -8, 8, -1, -4, 3, -2, 16]--- 8 points removed --- 101 109 173 228 229 236 237 239 
[3, -6, 6, -4, -2, -6, -3, 4, 15]--- 8 points removed --- 78 84 86 92 94 95 214 222 
[-1, -4, 3, -2, -2, -3, -8, 8, 16]--- 8 points removed --- 78 86 94 206 214 218 222 254 
[-1, -4, -5, 5, -2, -5, 3, -4, 16]--- 8 points removed --- 101 109 111 173 229 236 237 239 
[-7, -2, 3, -2, 8, -1, 3, -8, 16]--- 8 points removed --- 145 149 193 197 209 213 215 245 
[2, -4, 4, -1, -3, -4, -2, 3, 10]--- 8 points removed --- 76 78 86 92 94 95 206 222 
[3, 4, -2, 4, 3, -2, 1, 4, 0]--- 8 points removed --- 4 6 32 34 36 38 44 164 
[-1, -8, -2, 3, 2, -6, 8, -3, 16]--- 8 points removed --- 69 101 109 197 228 229 237 245 
[-2, -4, -3, 3, 1, -4, 8, -2, 11]--- 8 points removed --- 101 109 197 228 229 236 237 245 
[-5, -8, 2, 1, 8, -4, 8, -5, 16]--- 8 points removed --- 69 193 196 197 209 213 229 245 
[6, -2, 8, -1, -3, -8, 2, 3, 10]--- 8 points removed --- 12 28 76 78 84 92 93 94 
[-2, -4, 2, -1, -3, -3, -7, 4, 16]--- 8 points removed --- 78 94 206 214 218 222 238 254 
[8, -1, -2, 8, 7, -6, -7, -8, 16]--- 8 points removed --- 7 35 39 71 99 101 103 111 
[7, 8, -1, 8, 2, 8, 6, -7, 0]--- 8 points removed --- 1 3 9 32 33 35 41 161 
[3, -2, 1, 4, 3, 4, -2, 4, 0]--- 8 points removed --- 2 34 64 66 74 96 98 194 
[1, -2, 3, 4, 3, 4, -2, 4, 0]--- 8 points removed --- 2 64 66 74 98 130 192 194 
[3, -2, 3, 4, 1, 4, -2, 4, 0]--- 8 points removed --- 2 10 64 66 72 74 98 194 
[-4, -8, -3, 4, 2, -5, 8, -1, 16]--- 8 points removed --- 101 196 197 228 229 236 237 245 
[7, -2, -7, -8, 8, -1, -6, 8, 16]--- 8 points removed --- 50 54 86 112 114 116 118 246 
[4, 8, 4, -7, 7, 8, -3, 8, 2]--- 8 points removed --- 2 16 18 26 48 50 144 146 
[1, 8, -6, 8, 7, -6, 7, 8, 4]--- 8 points removed --- 4 32 36 38 44 132 160 164 
[7, -4, 8, -6, -5, -8, 4, 2, 16]--- 8 points removed --- 28 29 76 84 92 93 94 95 
[4, 1, 8, -3, -3, -2, 4, -2, 6]--- 8 points removed --- 13 21 25 28 29 89 92 93 
[-6, -2, 5, 5, 4, 6, -3, -1, 7]--- 7 points removed --- 130 131 192 193 194 195 203 
[-4, 2, -3, -4, 1, 2, -4, -5, 16]--- 7 points removed --- 147 179 183 187 191 243 251 
[3, -2, 2, 4, 4, -4, 1, -4, 6]--- 7 points removed --- 5 7 69 71 101 103 197 
[8, 3, -4, -1, 8, -2, -4, 2, 7]--- 7 points removed --- 34 38 39 50 54 55 118 
[-5, 3, 1, -5, -5, 6, -6, 7, 15]--- 7 points removed --- 26 138 146 154 186 218 250 
[1, 2, -4, -4, -4, 2, -3, -4, 15]--- 7 points removed --- 57 59 63 123 187 191 251 
[-8, 6, 5, -4, 6, 6, -3, -1, 10]--- 7 points removed --- 130 131 144 145 146 147 179 
[4, 8, -3, -1, -5, -2, 8, 8, 6]--- 7 points removed --- 12 28 40 44 56 60 188 
[8, -2, -4, 2, 8, 3, -4, -1, 7]--- 7 points removed --- 34 35 98 99 103 114 115 
[-5, 8, -7, 8, -5, 1, 1, -5, 16]--- 7 points removed --- 41 161 168 169 171 173 175 
[8, 8, -2, -1, -8, 8, 7, -6, 9]--- 7 points removed --- 9 25 40 41 56 57 59 
[8, -1, 1, 8, 8, -8, -6, -8, 15]--- 7 points removed --- 5 7 39 69 71 101 103 
[2, -4, -4, 4, -2, -4, -1, -3, 14]--- 7 points removed --- 101 103 109 110 111 237 239 
[8, -8, 1, -8, 7, -2, 6, 8, 10]--- 7 points removed --- 80 84 86 92 112 116 118 
[-2, -4, -1, -3, 2, -4, -6, 8, 16]--- 7 points removed --- 86 118 214 222 230 246 254 
[2, -7, 1, 8, 8, -8, 6, -8, 15]--- 7 points removed --- 5 69 71 101 103 197 229 
[8, 6, -8, -2, 8, -1, -8, 7, 11]--- 7 points removed --- 34 38 50 54 55 114 118 
[2, -4, 1, -4, 3, -4, -2, 4, 10]--- 7 points removed --- 84 86 94 116 118 214 246 
[2, -7, -1, 8, 6, -7, 5, -7, 15]--- 7 points removed --- 69 71 101 103 109 197 229 
[6, -8, 2, -7, 5, -7, -1, 7, 16]--- 7 points removed --- 84 86 92 94 116 118 214 
[8, -8, -6, -8, 8, 8, 1, -1, 15]--- 7 points removed --- 80 81 83 112 113 114 115 
[1, -5, -4, 8, -3, -4, -2, -2, 16]--- 7 points removed --- 103 109 110 111 237 238 239 
[4, -8, 2, -8, 2, -3, 1, 4, 15]--- 7 points removed --- 80 84 86 92 94 116 118 
[-3, -4, -2, -2, 1, -4, -5, 4, 16]--- 7 points removed --- 118 214 222 230 238 246 254 
[2, -4, 3, -8, 1, -4, -2, 4, 14]--- 7 points removed --- 84 86 92 94 118 214 222 
[5, -6, -2, 6, 4, -6, 1, -8, 16]--- 7 points removed --- 69 71 101 103 109 111 229 
[3, -6, -4, 8, 2, -6, 3, -6, 16]--- 7 points removed --- 69 101 103 109 111 229 237 
[1, -4, 2, -5, 2, -8, -3, 8, 16]--- 7 points removed --- 84 86 94 118 214 222 246 
[1, -8, -3, 8, 2, -5, 4, -5, 16]--- 7 points removed --- 69 101 103 109 197 229 237 
[4, -1, -4, 3, 4, 2, -8, -2, 11]--- 7 points removed --- 34 35 39 98 99 103 115 
[8, -3, -1, -3, 3, -1, 1, 3, 5]--- 7 points removed --- 80 84 86 112 114 116 118 
[3, 3, 1, -1, 3, -3, -1, -3, 5]--- 7 points removed --- 5 7 21 23 39 53 55 
[-8, -3, 1, 1, -2, 3, -3, -3, 16]--- 5 points removed --- 195 203 219 235 251 
[-1, 8, 2, 3, -3, -3, 8, -1, 5]--- 5 points removed --- 12 13 140 141 173 
[-3, 8, -4, -5, -4, -4, 1, 1, 16]--- 5 points removed --- 60 188 189 190 191 
[-8, -8, 8, -1, -6, 8, 7, 8, 15]--- 5 points removed --- 192 200 208 216 218 
[7, -1, -6, 8, -5, 1, 8, -6, 16]--- 3 points removed --- 41 105 109 
[-2, 1, 2, -2, 2, -1, -2, 2, 5]--- 3 points removed --- 146 150 214 
[2, -2, -1, -1, -2, -2, 2, -2, 8]--- 3 points removed --- 93 109 125 
[-3, -3, 8, -3, 2, -6, -1, -1, 15]--- 3 points removed --- 213 214 215 
