[1, -3, -4, 2, 5, 6, 8, 2, 0]--- 21 points removed --- 32 33 48 64 65 80 96 97 100 104 112 113 160 161 176 192 224 225 232 240 241 
[1, -2, -5, 3, 4, 6, 7, 2, 0]--- 21 points removed --- 32 33 40 48 64 96 97 100 104 105 112 113 160 161 176 192 224 225 232 240 241 
[1, -3, -5, 3, 5, 7, 8, 2, 0]--- 21 points removed --- 32 33 48 64 65 96 97 100 104 105 112 113 160 161 176 192 224 225 232 240 241 
[1, -4, -4, 2, 6, 7, 8, 3, 0]--- 21 points removed --- 32 33 48 64 65 80 96 97 100 104 112 113 160 176 192 208 224 225 232 240 241 
[2, -3, -4, 3, 4, 5, 7, 1, 0]--- 21 points removed --- 32 33 48 64 65 96 97 100 101 104 105 112 113 160 161 192 224 225 232 240 241 
[3, -3, -5, 4, 4, 6, 8, 1, 0]--- 20 points removed --- 32 33 40 48 64 65 96 97 100 101 104 105 112 113 160 161 224 225 232 240 
[0, -3, -5, 2, 6, 8, 8, 3, 0]--- 20 points removed --- 32 33 48 64 80 96 97 104 112 113 160 161 176 192 208 224 225 232 240 241 
[2, -4, -4, 3, 5, 6, 8, 2, 0]--- 20 points removed --- 32 33 48 64 65 80 96 97 100 104 105 112 113 160 192 224 225 232 240 241 
[3, -4, -4, 3, 5, 5, 8, 1, 0]--- 20 points removed --- 32 33 48 64 65 80 96 97 100 101 104 105 112 113 160 192 224 225 240 241 
[2, -3, -5, 4, 4, 6, 8, 2, 0]--- 20 points removed --- 32 33 40 48 64 65 96 97 100 104 105 112 113 160 161 192 224 225 232 240 
[-1, -3, -3, -1, 8, 7, 8, 5, 0]--- 20 points removed --- 16 32 48 64 80 96 97 112 113 128 144 160 176 192 208 224 225 240 241 244 
[-1, -2, -4, 2, 5, 8, 8, 3, 0]--- 20 points removed --- 32 33 48 64 96 97 104 112 113 128 160 161 176 192 208 224 225 232 240 241 
[-1, -3, -4, 2, 6, 8, 8, 4, 0]--- 20 points removed --- 32 48 64 80 96 97 104 112 113 128 160 161 176 192 208 224 225 232 240 241 
[3, -2, -6, 7, 7, 6, 8, -1, 0]--- 19 points removed --- 1 32 33 37 64 65 96 97 99 100 101 104 105 112 113 160 161 224 225 
[4, -5, -2, 4, 3, 4, 7, 1, 0]--- 19 points removed --- 32 33 64 65 68 72 73 80 96 97 100 101 104 105 112 113 192 224 225 
[3, -5, -3, 4, 4, 5, 8, 2, 0]--- 19 points removed --- 32 33 64 65 72 80 96 97 100 101 104 105 112 113 192 224 225 232 240 
[4, -6, -2, 5, 3, 5, 8, 2, 0]--- 19 points removed --- 32 64 65 68 72 73 80 96 97 100 101 104 105 112 113 192 224 225 232 
[7, 8, 4, 6, -3, -2, -2, 1, 0]--- 19 points removed --- 2 3 4 5 6 7 8 9 10 11 12 13 14 15 30 42 44 46 47 
[3, -4, -4, 5, 3, 5, 8, 2, 0]--- 19 points removed --- 32 33 40 64 65 72 96 97 100 101 104 105 112 113 160 192 224 225 232 
[2, -4, -7, 5, 7, 7, 8, -1, 3]--- 19 points removed --- 32 33 64 65 96 97 99 100 101 104 105 112 113 160 161 224 225 240 241 
[5, 8, 7, 4, 2, -5, 2, -3, 0]--- 19 points removed --- 1 3 4 5 6 7 9 12 13 14 15 20 21 23 29 37 133 135 141 
[3, 5, 7, 7, -8, 2, 3, 1, 0]--- 19 points removed --- 8 9 10 11 12 13 14 15 24 40 72 73 76 136 137 138 139 140 141 
[-2, -2, -3, 1, 6, 8, 8, 4, 0]--- 19 points removed --- 32 48 64 80 96 97 112 128 144 160 161 176 192 208 224 225 232 240 241 
[4, 6, 5, 4, 1, -3, 1, -3, 0]--- 19 points removed --- 1 3 4 5 6 7 9 11 12 13 14 15 21 23 29 37 133 135 141 
[4, 5, 6, 7, -8, 1, 3, 2, 0]--- 19 points removed --- 8 9 10 11 12 13 14 15 24 40 44 72 73 76 136 137 138 140 141 
[3, 8, 6, 3, 2, -4, 2, -4, 1]--- 18 points removed --- 1 3 4 5 6 7 9 12 13 15 21 23 29 37 133 135 141 149 
[-2, -2, 1, -4, 8, 5, 8, 8, 0]--- 18 points removed --- 16 48 64 80 84 96 112 128 144 148 160 176 192 208 212 224 240 244 
[6, 7, 8, 6, 2, -3, -1, -4, 0]--- 18 points removed --- 1 2 3 4 5 6 7 9 11 12 13 14 15 21 23 71 133 135 
[5, -4, -2, 5, 3, 5, 6, -1, 0]--- 18 points removed --- 1 32 33 64 65 72 73 96 97 99 100 101 104 105 112 113 224 225 
[-2, -2, -1, -2, 7, 5, 7, 6, 0]--- 18 points removed --- 16 32 48 64 80 96 112 128 144 160 176 192 208 212 224 240 241 244 
[3, -5, -2, 3, 4, 4, 8, 2, 0]--- 18 points removed --- 32 64 65 68 72 80 96 97 100 101 104 105 112 113 192 224 225 240 
[3, -6, -6, 2, 5, 6, 7, -1, 5]--- 18 points removed --- 32 33 64 65 96 97 99 100 101 104 105 112 113 121 224 225 240 241 
[2, -5, -3, 4, 4, 6, 8, 3, 0]--- 18 points removed --- 32 64 65 72 80 96 97 100 104 105 112 113 160 192 224 225 232 240 
[5, 6, 4, 7, -8, 1, 2, 4, 0]--- 18 points removed --- 8 9 10 11 12 13 14 15 24 40 42 44 46 72 76 136 138 140 
[3, -6, -2, 4, 4, 5, 8, 3, 0]--- 18 points removed --- 32 64 65 68 72 80 96 97 100 104 105 112 113 192 224 225 232 240 
[5, -6, -2, 6, 2, 6, 8, 1, 0]--- 18 points removed --- 32 33 64 65 72 73 96 97 100 101 104 105 112 113 192 224 225 232 
[1, -3, -3, -2, 8, 8, 7, 5, 0]--- 18 points removed --- 16 32 48 64 80 96 97 112 113 114 144 160 176 192 208 224 240 241 
[4, 8, 6, 3, 2, -5, 3, -4, 1]--- 18 points removed --- 1 4 5 6 7 9 12 13 15 20 21 23 29 37 133 135 141 149 
[4, 8, 6, 3, 3, -5, 2, -4, 1]--- 18 points removed --- 1 3 4 5 6 7 12 13 15 20 21 23 29 37 133 135 141 149 
[1, -4, -3, -1, 8, 8, 7, 5, 0]--- 18 points removed --- 16 32 48 64 80 96 97 112 113 114 160 176 192 208 224 225 240 241 
[2, -4, -3, 4, 3, 6, 8, 2, 0]--- 18 points removed --- 32 33 64 65 72 96 97 100 104 105 112 113 160 192 224 225 232 240 
[5, -5, -3, 6, 2, 6, 8, 1, 0]--- 18 points removed --- 32 33 40 64 65 72 73 96 97 100 101 104 105 112 113 224 225 232 
[2, -4, -4, 5, 3, 6, 8, 3, 0]--- 18 points removed --- 32 33 40 64 65 72 96 97 100 104 105 112 160 192 224 225 232 240 
[7, -7, -5, 6, 2, 7, 8, -1, 4]--- 18 points removed --- 32 33 64 65 72 73 96 97 99 100 101 104 105 112 113 121 224 225 
[2, -7, -1, 2, 6, 6, 8, 5, 0]--- 17 points removed --- 32 64 65 68 72 80 96 97 100 104 112 113 192 208 224 225 240 
[4, 6, 6, 8, -7, -1, 4, 2, 0]--- 17 points removed --- 4 8 9 10 11 12 13 14 15 40 44 72 76 136 137 140 141 
[3, 8, 6, 2, 2, -6, 4, -5, 3]--- 17 points removed --- 1 4 5 7 12 13 15 20 21 23 29 37 133 135 141 149 157 
[8, 8, 2, 7, -6, -1, -1, 5, 0]--- 17 points removed --- 2 4 6 8 9 10 11 12 13 14 15 30 40 42 44 46 47 
[7, 7, 8, 7, 1, -3, -3, -3, 1]--- 17 points removed --- 1 2 3 4 5 6 7 9 10 11 12 13 14 15 23 71 135 
[5, 6, 8, 4, 3, -2, -1, -4, 0]--- 17 points removed --- 1 2 3 4 5 6 7 9 11 13 15 19 21 23 71 133 135 
[6, -8, 1, 5, 2, 5, 7, 3, 0]--- 17 points removed --- 64 65 66 68 72 73 76 80 88 96 97 100 104 105 112 192 224 
[7, 7, 8, 6, 2, -1, -4, -3, 0]--- 17 points removed --- 1 2 3 4 5 6 7 9 10 11 13 14 15 19 23 71 135 
[4, 8, 8, 5, -2, -3, 4, -3, 0]--- 17 points removed --- 1 4 5 7 8 9 11 12 13 14 15 21 29 133 137 140 141 
[8, 8, 6, 8, -2, -3, -2, -1, 0]--- 17 points removed --- 1 2 3 4 5 6 7 8 9 10 11 12 13 14 15 46 47 
[2, 6, 5, 2, 1, -4, 3, -4, 2]--- 17 points removed --- 1 4 5 7 9 12 13 15 21 23 29 37 133 135 141 149 157 
[3, -8, 1, 2, 5, 5, 7, 6, 0]--- 17 points removed --- 64 65 66 68 72 80 84 88 96 97 100 104 112 192 208 224 240 
[6, 7, 8, 5, 3, -2, -2, -4, 0]--- 17 points removed --- 1 2 3 4 5 6 7 9 11 13 14 15 19 21 23 71 135 
[3, 5, 8, 8, -7, 3, 3, -1, 0]--- 17 points removed --- 1 8 9 10 11 12 13 14 15 72 73 136 137 138 139 140 141 
[2, -6, -2, 3, 5, 6, 8, 4, 0]--- 17 points removed --- 32 64 65 72 80 96 97 100 104 112 113 192 208 224 225 232 240 
[2, 5, 5, 8, -7, -1, 6, 3, 0]--- 17 points removed --- 4 8 9 10 12 13 14 40 44 72 76 136 137 140 141 172 204 
[3, 6, 5, 6, -8, 3, 1, 2, 1]--- 17 points removed --- 8 9 10 11 12 13 14 15 24 40 42 72 136 137 138 139 140 
[2, -6, -1, 3, 4, 5, 7, 4, 0]--- 17 points removed --- 32 64 65 68 72 80 96 97 100 104 112 192 208 224 225 232 240 
[6, 6, 4, 8, -7, -1, 2, 4, 0]--- 17 points removed --- 4 8 9 10 11 12 13 14 15 40 42 44 46 72 76 136 140 
[4, -5, -3, 6, 2, 6, 8, 2, 0]--- 17 points removed --- 32 33 40 64 65 72 73 96 97 100 104 105 112 192 224 225 232 
[4, 7, 5, 6, -8, 2, 2, 3, 0]--- 17 points removed --- 8 9 10 11 12 13 14 15 24 40 42 44 72 136 137 138 140 
[1, -5, -8, 5, 8, 8, 7, -2, 6]--- 17 points removed --- 32 33 65 96 97 99 101 105 112 113 160 161 224 225 227 240 241 
[6, 8, 8, 6, -1, -4, 2, -3, 0]--- 17 points removed --- 1 3 4 5 6 7 8 9 11 12 13 14 15 21 29 133 141 
[7, 6, 8, 7, 2, -4, -3, -1, 0]--- 17 points removed --- 1 2 3 4 5 6 7 10 11 12 13 14 15 23 70 71 135 
[1, -6, -2, 4, 5, 7, 8, 5, 0]--- 17 points removed --- 32 64 65 72 80 96 97 100 104 112 160 192 208 224 225 232 240 
[3, 8, 7, 2, 1, -6, 5, -5, 3]--- 17 points removed --- 1 4 5 7 9 12 13 15 20 21 23 29 37 133 141 149 157 
[2, 1, 3, -8, 6, 4, 7, 8, 0]--- 16 points removed --- 16 18 20 24 48 52 80 84 88 112 144 148 176 208 212 240 
[4, 5, 8, 8, -3, 1, 1, -3, 0]--- 16 points removed --- 1 3 5 7 8 9 10 11 12 13 14 15 73 137 139 141 
[2, 4, -3, -5, 8, 6, 2, 8, 0]--- 16 points removed --- 16 18 32 34 48 50 52 80 112 114 144 146 160 176 178 240 
[-1, -1, 2, -5, 7, 4, 8, 8, 0]--- 16 points removed --- 16 20 48 64 80 84 112 128 144 148 176 192 208 212 240 244 
[2, 2, -3, -5, 8, 6, 4, 8, 0]--- 16 points removed --- 16 18 32 48 50 52 80 96 112 114 144 160 176 178 208 240 
[2, 2, -5, -3, 8, 6, 4, 8, 0]--- 16 points removed --- 16 32 34 48 50 52 80 96 112 114 144 160 176 178 224 240 
[2, 3, 2, -8, 6, 4, 5, 8, 0]--- 16 points removed --- 16 18 20 24 48 50 52 80 84 112 144 146 148 176 208 240 
[6, 5, 2, 7, -8, 1, 3, 6, 0]--- 16 points removed --- 8 9 10 12 13 14 24 40 42 44 46 72 76 104 136 140 
[3, 6, 8, 7, -5, 1, 3, -2, 0]--- 16 points removed --- 1 5 8 9 10 11 12 13 14 15 73 136 137 139 140 141 
[2, 4, -1, -7, 8, 6, 3, 8, 0]--- 16 points removed --- 16 18 20 32 48 50 52 80 112 114 144 146 176 178 208 240 
[2, -1, -3, -3, 7, 8, 5, 6, 0]--- 16 points removed --- 16 32 48 50 64 80 96 112 113 114 144 160 176 208 224 240 
[-3, 2, -1, -3, 6, 7, 5, 8, 0]--- 16 points removed --- 16 32 48 80 112 128 144 146 160 176 178 184 192 208 224 240 
[3, 6, 8, 8, -5, 3, 1, -2, 0]--- 16 points removed --- 1 3 8 9 10 11 12 13 14 15 73 136 137 138 139 141 
[-2, 4, -1, -5, 7, 8, 4, 8, 0]--- 16 points removed --- 16 18 32 48 50 80 112 128 144 146 160 176 178 184 208 240 
[-2, 4, 1, -6, 8, 7, 4, 7, 0]--- 16 points removed --- 16 18 48 50 80 112 128 144 145 146 148 160 176 178 208 240 
[5, -8, 2, 3, 3, 4, 7, 5, 0]--- 16 points removed --- 64 65 66 68 72 76 80 84 88 96 97 100 104 112 192 224 
[1, 1, -3, -3, 6, 5, 4, 6, 0]--- 16 points removed --- 16 32 48 50 52 80 96 112 114 144 160 176 178 208 224 240 
[5, 6, 2, 8, -7, -1, 3, 6, 0]--- 16 points removed --- 4 8 9 10 12 13 14 40 42 44 46 72 76 136 140 172 
[2, 2, -3, -3, 7, 5, 2, 7, 0]--- 16 points removed --- 16 18 32 34 48 50 52 80 96 112 114 144 160 176 178 240 
[6, 7, 7, 8, -4, -4, 2, 1, 0]--- 16 points removed --- 4 5 6 7 8 9 10 11 12 13 14 15 44 76 140 141 
[-2, 3, -2, -4, 6, 8, 5, 8, 0]--- 16 points removed --- 16 32 48 50 80 112 128 144 146 160 176 178 184 208 224 240 
[4, 7, 7, 5, -1, -2, 3, -4, 0]--- 16 points removed --- 1 3 4 5 7 8 9 11 12 13 15 21 29 133 137 141 
[1, 3, -2, -5, 7, 6, 3, 7, 0]--- 16 points removed --- 16 18 32 48 50 52 80 112 114 144 146 160 176 178 208 240 
[7, -8, 4, 3, 1, 3, 7, 6, 0]--- 16 points removed --- 64 65 66 68 72 73 76 80 84 88 92 96 100 104 112 192 
[5, -6, 3, 2, 2, 1, 4, 5, 0]--- 16 points removed --- 64 65 66 68 70 72 76 80 84 88 92 96 100 104 112 192 
[-1, 2, 4, -7, 8, 4, 6, 7, 0]--- 16 points removed --- 16 18 20 48 80 84 112 128 144 145 146 148 176 208 212 240 
[-2, 1, 4, -6, 8, 4, 7, 7, 0]--- 16 points removed --- 16 20 48 80 84 112 128 144 145 146 148 176 192 208 212 240 
[-1, 4, 2, -7, 8, 6, 4, 7, 0]--- 16 points removed --- 16 18 20 48 50 80 112 128 144 145 146 148 176 178 208 240 
[1, 2, 4, -8, 7, 3, 6, 8, 0]--- 16 points removed --- 16 18 20 24 48 52 80 84 112 144 146 148 176 208 212 240 
[-4, 1, 2, -4, 8, 6, 7, 7, 0]--- 16 points removed --- 16 48 80 112 128 144 145 146 148 160 176 192 208 212 224 240 
[-4, 2, 1, -4, 8, 7, 6, 7, 0]--- 16 points removed --- 16 48 80 112 128 144 145 146 148 160 176 178 192 208 224 240 
[7, 7, 4, 8, -6, -2, 1, 4, 0]--- 16 points removed --- 4 6 8 9 10 11 12 13 14 15 40 42 44 46 76 140 
[5, 8, 8, 7, -6, -1, 3, -1, 0]--- 16 points removed --- 1 4 5 8 9 10 11 12 13 14 15 29 136 137 140 141 
[1, 3, 1, -6, 5, 4, 3, 6, 0]--- 16 points removed --- 16 18 20 24 48 50 52 80 112 144 146 148 176 178 208 240 
[2, 8, 7, 3, -1, -4, 5, -4, 2]--- 16 points removed --- 1 4 5 7 9 12 13 15 21 29 133 137 140 141 149 157 
[5, 8, 8, 6, -3, -3, 2, -1, 0]--- 16 points removed --- 1 4 5 6 7 8 9 10 11 12 13 14 15 29 140 141 
[3, 8, 8, 6, -4, -2, 5, -2, 0]--- 16 points removed --- 1 4 5 8 9 11 12 13 14 15 29 133 136 137 140 141 
[4, 7, 7, 8, -6, -2, 4, 1, 0]--- 16 points removed --- 4 5 8 9 10 11 12 13 14 15 44 76 136 137 140 141 
[4, -7, 2, 2, 3, 3, 6, 5, 0]--- 16 points removed --- 64 65 66 68 72 76 80 84 88 96 100 104 112 192 208 224 
[-2, 1, -4, -2, 7, 8, 7, 8, 0]--- 16 points removed --- 16 32 48 80 96 112 128 144 160 176 178 184 192 208 224 240 
[5, 8, 8, 6, -4, -2, 3, -2, 0]--- 16 points removed --- 1 4 5 7 8 9 10 11 12 13 14 15 29 137 140 141 
[5, 8, 8, 7, -2, -4, 3, -2, 0]--- 16 points removed --- 1 4 5 6 7 8 9 11 12 13 14 15 29 133 140 141 
[1, 6, 4, 2, 2, -5, 3, -5, 4]--- 16 points removed --- 1 4 5 7 13 15 21 23 29 37 133 135 141 149 157 165 
[6, -6, -3, 4, 1, 6, 5, -2, 4]--- 16 points removed --- 33 64 65 72 73 96 97 99 101 104 105 107 112 113 121 225 
[5, -8, 4, 1, 3, 3, 7, 7, 0]--- 16 points removed --- 64 65 66 68 72 76 80 84 88 92 96 100 104 112 192 208 
[4, 7, 8, 5, -1, -4, 3, -2, 0]--- 16 points removed --- 1 4 5 6 7 8 9 12 13 14 15 21 29 133 140 141 
[7, 8, 8, 7, -4, -2, 1, -2, 0]--- 16 points removed --- 1 3 4 5 6 7 8 9 10 11 12 13 14 15 29 141 
[6, 8, 8, 7, -3, -1, 2, -4, 0]--- 16 points removed --- 1 3 4 5 7 8 9 10 11 12 13 14 15 29 137 141 
[5, -7, 2, 3, 2, 3, 5, 4, 0]--- 16 points removed --- 64 65 66 68 72 73 76 80 84 88 96 97 100 104 112 192 
[7, 7, 6, 8, -4, -4, 1, 2, 0]--- 16 points removed --- 4 5 6 7 8 9 10 11 12 13 14 15 44 46 76 140 
[-1, 2, -3, -4, 7, 8, 6, 8, 0]--- 16 points removed --- 16 32 48 50 80 96 112 128 144 160 176 178 184 208 224 240 
[5, 8, 8, 7, -2, -2, 3, -4, 0]--- 16 points removed --- 1 3 4 5 7 8 9 11 12 13 14 15 29 133 137 141 
[4, 6, 8, 8, -5, 2, 2, -3, 0]--- 16 points removed --- 1 3 5 8 9 10 11 12 13 14 15 73 136 137 139 141 
[-3, 2, 8, -8, 8, -2, 5, 4, 5]--- 15 points removed --- 16 20 21 80 84 144 145 146 148 149 150 208 212 213 214 
[2, 1, -8, 4, 6, 8, 7, 4, 0]--- 15 points removed --- 32 33 34 40 48 96 97 104 112 160 161 176 224 225 240 
[4, 8, 7, 8, -6, 4, -2, 1, 0]--- 15 points removed --- 2 3 8 9 10 11 12 13 14 15 42 136 137 138 139 
[-5, -7, 3, 4, 7, -4, -6, -2, 16]--- 15 points removed --- 70 71 135 194 195 197 198 199 207 214 215 227 230 231 247 
[7, 8, -1, 5, -8, -2, -2, 6, 5]--- 15 points removed --- 8 10 12 14 15 30 40 42 44 46 47 58 60 62 174 
[4, 6, -2, 3, -6, -2, -1, 5, 5]--- 15 points removed --- 8 10 12 14 30 40 42 44 46 47 58 60 62 172 174 
[7, 8, 6, 8, -4, 1, -4, 2, 0]--- 15 points removed --- 2 3 6 7 8 9 10 11 12 13 14 15 42 46 138 
[3, 7, -1, -5, 7, 8, -2, 6, 0]--- 15 points removed --- 2 16 18 19 32 34 48 50 51 58 114 144 146 176 178 
[7, 8, 8, 8, -4, 1, -2, -2, 0]--- 15 points removed --- 1 2 3 5 6 7 8 9 10 11 12 13 14 15 139 
[-1, 6, -2, -6, 3, 5, -2, 4, 5]--- 15 points removed --- 16 18 48 50 51 58 144 146 154 176 178 179 182 184 186 
[1, 6, 6, 4, -3, -2, 5, -2, 1]--- 15 points removed --- 1 4 5 8 9 12 13 15 29 133 136 137 140 141 157 
[4, 2, 3, 5, -8, 1, 4, 3, 2]--- 15 points removed --- 8 9 10 12 13 14 24 40 44 72 73 76 104 136 140 
[2, 6, -1, -5, 6, 7, -3, 4, 2]--- 15 points removed --- 2 16 18 19 34 48 50 51 58 114 144 146 176 178 179 
[6, 8, 4, 8, -7, 2, -1, 4, 0]--- 15 points removed --- 2 8 9 10 11 12 13 14 15 40 42 44 46 136 138 
[5, 8, 8, 7, -3, 2, -3, -1, 0]--- 15 points removed --- 1 2 3 6 7 8 9 10 11 12 13 14 15 138 139 
[7, 8, 4, 8, -6, 1, -2, 4, 0]--- 15 points removed --- 2 6 8 9 10 11 12 13 14 15 40 42 44 46 138 
[3, 5, -2, -4, 6, 8, -1, 6, 0]--- 15 points removed --- 2 16 18 32 34 48 50 51 58 112 114 144 146 176 178 
[-1, 3, 5, -6, 8, 2, 4, 6, 0]--- 15 points removed --- 16 18 20 48 80 84 128 144 145 146 148 150 176 208 212 
[1, -4, 2, -4, 7, 6, 8, 8, 0]--- 15 points removed --- 16 48 64 80 84 88 96 112 144 176 192 208 212 224 240 
[1, -2, 4, -6, 7, 4, 8, 8, 0]--- 15 points removed --- 16 20 48 64 80 84 88 112 144 148 176 192 208 212 240 
[-1, 5, 3, -6, 8, 4, 2, 6, 0]--- 15 points removed --- 16 18 20 48 50 80 128 144 145 146 148 150 176 178 208 
[2, 8, 8, 4, -2, -3, 5, -3, 1]--- 15 points removed --- 1 4 5 8 9 12 13 15 21 29 133 137 140 141 157 
[5, 8, 8, 8, -3, 2, -1, -3, 0]--- 15 points removed --- 1 2 3 5 7 8 9 10 11 12 13 14 15 137 139 
[3, 8, 8, 8, -4, 3, -1, -1, 0]--- 15 points removed --- 1 2 3 8 9 10 11 12 13 14 15 136 137 138 139 
[2, -1, 4, -7, 6, 4, 8, 8, 0]--- 15 points removed --- 16 20 24 48 64 80 84 88 112 144 148 176 208 212 240 
[6, 6, 1, 4, -5, -2, -2, 3, 3]--- 15 points removed --- 6 8 10 11 12 13 14 15 30 40 42 44 46 47 62 
[-2, 3, 7, -7, 8, 1, 5, 6, 1]--- 15 points removed --- 16 18 20 80 84 128 144 145 146 148 149 150 176 208 212 
[5, 8, 8, 8, -4, 3, -2, -2, 0]--- 15 points removed --- 1 2 3 7 8 9 10 11 12 13 14 15 137 138 139 
[1, 7, -2, -7, 6, 8, -3, 5, 4]--- 15 points removed --- 16 18 19 34 48 50 51 58 114 144 146 176 178 179 186 
[6, 8, 7, 8, -4, 2, -4, 1, 0]--- 15 points removed --- 2 3 6 7 8 9 10 11 12 13 14 15 42 138 139 
[-2, 8, -1, -8, 3, 4, -2, 5, 7]--- 15 points removed --- 16 18 48 50 58 144 146 150 154 176 178 179 182 184 186 
[4, 8, 6, 8, -7, 4, -1, 2, 0]--- 15 points removed --- 2 8 9 10 11 12 13 14 15 40 42 136 137 138 139 
[6, -4, 7, -1, 3, -2, 5, 8, 0]--- 14 points removed --- 4 16 20 64 68 70 72 76 80 84 86 88 92 212 
[6, 8, 2, 8, -4, 1, -3, 5, 0]--- 14 points removed --- 2 6 8 10 11 12 14 15 34 40 42 44 46 138 
[8, -6, 5, 2, 3, -1, 4, 7, 0]--- 14 points removed --- 4 64 66 68 70 72 76 80 84 86 88 92 96 100 
[1, -3, 5, -4, 6, 2, 8, 7, 0]--- 14 points removed --- 16 20 64 68 80 84 88 112 144 148 192 208 212 240 
[4, -2, 7, -6, 5, 1, 8, 8, 0]--- 14 points removed --- 16 20 24 64 68 80 84 88 92 112 144 148 208 212 
[-5, -5, 2, 1, 4, -5, -4, -3, 16]--- 14 points removed --- 71 135 195 197 198 199 207 213 214 215 223 230 231 247 
[-2, -1, 6, -8, 8, -3, 4, 5, 7]--- 14 points removed --- 16 20 80 84 86 144 148 149 150 208 212 213 214 244 
[7, 1, 5, 6, -8, 2, 7, 5, 0]--- 14 points removed --- 8 9 10 12 13 24 40 44 72 73 76 88 104 136 
[8, -4, 6, 1, 2, -3, 5, 8, 0]--- 14 points removed --- 4 12 20 64 68 70 72 76 80 84 86 88 92 100 
[8, -5, 6, 1, 3, -2, 4, 7, 0]--- 14 points removed --- 4 20 64 66 68 70 72 76 80 84 86 88 92 100 
[6, -5, 8, -2, 3, -1, 7, 8, 0]--- 14 points removed --- 4 16 20 64 68 72 76 80 84 86 88 92 208 212 
[-1, 7, 5, 4, 2, -8, 6, -8, 9]--- 14 points removed --- 5 7 13 21 29 37 133 135 141 149 157 165 173 197 
[7, 8, 5, 8, -2, 1, -6, 4, 0]--- 14 points removed --- 2 3 6 7 8 10 11 12 14 15 34 42 46 138 
[6, -5, 7, -1, 2, -3, 4, 8, 2]--- 14 points removed --- 4 20 64 68 70 72 76 80 84 86 88 92 94 212 
[4, -2, 8, -5, 6, -1, 7, 8, 0]--- 14 points removed --- 4 16 20 64 68 80 84 86 88 92 144 148 208 212 
[1, 5, -3, -5, 3, 8, -4, 2, 6]--- 14 points removed --- 18 19 34 48 50 51 58 59 114 146 176 178 179 186 
[5, -7, 6, -1, 3, 2, 8, 8, 0]--- 14 points removed --- 16 64 68 72 76 80 84 88 92 96 112 192 208 212 
[4, -5, 6, -2, 3, 1, 8, 8, 0]--- 14 points removed --- 16 20 64 68 72 76 80 84 88 92 112 192 208 212 
[2, -6, 3, -1, 5, 4, 7, 8, 0]--- 14 points removed --- 16 64 68 72 80 84 88 96 112 192 208 212 224 240 
[6, -5, 7, -3, 2, 1, 8, 8, 0]--- 14 points removed --- 16 20 24 64 68 72 76 80 84 88 92 112 208 212 
[2, -3, 7, -5, 6, 1, 8, 8, 0]--- 14 points removed --- 16 20 64 68 80 84 88 92 112 144 148 192 208 212 
[1, -5, 3, -2, 6, 4, 7, 7, 0]--- 14 points removed --- 16 64 68 80 84 88 96 112 144 192 208 212 224 240 
[3, -1, 6, -7, 5, 2, 8, 8, 0]--- 14 points removed --- 16 20 24 48 64 80 84 88 92 112 144 148 208 212 
[-2, 8, 6, 1, -1, -7, 8, -7, 9]--- 13 points removed --- 5 13 21 29 133 137 140 141 149 157 165 173 189 
[3, -5, -1, -4, -4, -2, -2, -3, 16]--- 13 points removed --- 91 93 94 95 111 119 121 123 125 126 127 223 255 
[-1, -2, -8, 6, 8, 8, 5, -3, 6]--- 13 points removed --- 32 33 96 97 99 113 160 161 163 224 225 227 241 
[7, -6, 5, 2, -1, 2, 8, 5, 0]--- 13 points removed --- 8 64 65 68 72 73 76 80 84 88 92 96 104 
[2, -7, -1, -3, -3, -2, -1, -3, 16]--- 13 points removed --- 91 93 95 111 119 121 123 125 126 127 223 253 255 
[6, -5, 2, 4, -1, 4, 6, 2, 0]--- 13 points removed --- 8 64 65 68 72 73 76 80 88 96 97 104 105 
[-1, 6, 6, 6, -5, 3, 3, 1, 0]--- 13 points removed --- 8 9 10 11 12 13 128 136 137 138 139 140 141 
[5, 8, -2, 6, -8, -3, 1, 8, 5]--- 13 points removed --- 8 10 12 14 40 42 44 46 60 62 140 172 174 
[6, -5, -2, 8, -1, 8, 8, 3, 0]--- 13 points removed --- 8 32 40 64 65 72 73 96 97 104 105 224 232 
[-1, 8, 7, 8, -8, 3, 5, -1, 2]--- 13 points removed --- 8 9 10 11 12 13 136 137 138 139 140 141 169 
[-2, 5, 3, 4, -4, -1, 6, -1, 3]--- 13 points removed --- 8 9 12 13 133 136 137 140 141 157 169 172 173 
[8, -6, 7, 1, -2, 1, 8, 7, 0]--- 13 points removed --- 8 12 24 64 68 72 73 76 80 84 88 92 104 
[8, 8, 8, 5, 3, 1, -6, -2, 0]--- 13 points removed --- 1 2 3 5 6 7 10 11 14 15 18 19 23 
[2, 8, 8, -1, 3, -8, 6, -5, 6]--- 13 points removed --- 4 5 7 13 20 21 23 29 133 141 148 149 157 
[-7, -6, 3, 6, 5, -2, -6, -3, 16]--- 13 points removed --- 71 135 194 195 197 198 199 203 207 215 227 230 231 
[-1, 8, 5, 2, -2, -4, 8, -4, 5]--- 13 points removed --- 5 9 12 13 21 29 133 137 140 141 149 157 173 
[-4, -2, 6, -8, 8, -5, 3, 4, 11]--- 13 points removed --- 20 84 86 144 148 149 150 208 212 213 214 215 244 
[-1, -6, -8, 2, 8, 8, 5, -3, 10]--- 13 points removed --- 33 96 97 99 112 113 161 224 225 227 240 241 243 
[-3, 8, 1, -8, 6, 5, -2, 8, 5]--- 13 points removed --- 16 18 48 50 144 146 148 150 154 176 178 182 186 
[-5, -3, 1, 1, 8, 8, 7, 8, 0]--- 13 points removed --- 64 80 96 112 128 144 160 176 192 194 208 224 240 
[8, -6, 1, 7, -4, 7, 8, 1, 2]--- 13 points removed --- 8 9 40 64 65 72 73 76 88 96 97 104 105 
[2, 1, -5, 7, 7, 4, 7, -3, 1]--- 13 points removed --- 1 32 33 37 65 96 97 101 160 161 165 224 225 
[6, 5, 6, 8, -1, -6, 2, 3, 0]--- 13 points removed --- 4 5 6 7 8 12 13 14 15 44 68 76 140 
[1, -8, 2, 2, 7, 7, 6, 7, 0]--- 13 points removed --- 64 65 66 68 72 80 96 112 192 194 208 224 240 
[7, 8, 6, 7, 2, -1, 2, -7, 0]--- 13 points removed --- 1 3 4 5 7 9 11 13 15 21 33 37 133 
[6, -2, 5, 1, 3, -4, 3, 6, 0]--- 13 points removed --- 4 6 12 20 64 68 70 76 80 84 86 92 100 
[-1, 5, 4, 7, -7, -3, 8, 2, 4]--- 13 points removed --- 8 9 12 13 44 76 136 137 140 141 172 173 204 
[6, -3, 5, 1, 4, -3, 2, 6, 0]--- 13 points removed --- 4 6 20 64 66 68 70 76 80 84 86 92 100 
[-1, 6, 5, 4, -4, -2, 6, -2, 3]--- 13 points removed --- 5 8 9 12 13 29 133 136 137 140 141 157 173 
[8, 5, 8, 8, 4, -2, -6, 1, 0]--- 13 points removed --- 2 3 4 5 6 7 10 11 14 15 66 70 71 
[8, 4, 7, 7, 3, -5, -2, 1, 0]--- 13 points removed --- 2 3 4 5 6 7 12 13 14 15 68 70 71 
[-2, 6, 7, 1, 2, -8, 7, -8, 10]--- 12 points removed --- 5 13 21 29 133 135 141 149 157 165 197 213 
[-1, 2, -8, 8, 5, 4, 5, -2, 5]--- 12 points removed --- 32 33 37 96 97 160 161 163 165 169 224 225 
[-2, 4, 8, -1, 2, -5, 6, -5, 7]--- 12 points removed --- 5 13 21 29 133 141 145 148 149 157 197 213 
[8, 2, 8, 8, 6, -5, -5, 1, 2]--- 12 points removed --- 2 3 4 5 6 7 14 15 66 68 70 71 
[-6, 8, -1, 3, -3, -2, 8, -4, 10]--- 12 points removed --- 133 137 140 141 157 161 165 169 172 173 185 189 
[8, 8, -1, 7, -6, 2, -1, 8, 0]--- 12 points removed --- 2 8 10 12 14 32 34 40 42 44 46 58 
[2, 2, 4, -5, 6, -1, 8, 5, 0]--- 12 points removed --- 4 16 20 21 48 52 80 84 144 148 208 212 
[-2, 1, -6, 6, 5, 5, 4, -2, 4]--- 12 points removed --- 32 33 96 97 160 161 163 165 169 224 225 227 
[-4, 5, 1, 2, -2, -3, 5, -3, 7]--- 12 points removed --- 13 133 137 140 141 149 157 165 169 172 173 189 
[-3, -2, -4, 2, 4, 4, -1, -5, 10]--- 12 points removed --- 97 99 161 163 179 195 225 227 231 235 241 243 
[4, -5, -2, -3, -4, -1, -2, -4, 16]--- 12 points removed --- 91 93 95 107 111 119 121 123 125 126 127 255 
[5, 3, 5, 4, 1, -5, 1, 2, 0]--- 12 points removed --- 4 5 6 7 12 13 14 15 20 68 70 76 
[2, 1, 4, 5, -3, -2, 4, 4, 0]--- 12 points removed --- 4 8 12 13 14 44 68 72 76 136 140 204 
[7, -6, 8, 2, -1, -1, 8, 8, 0]--- 12 points removed --- 4 8 12 64 68 72 76 80 84 88 92 204 
[6, 5, 8, 8, -1, 2, 3, -6, 0]--- 12 points removed --- 1 3 5 7 8 9 11 13 15 65 73 137 
[5, -1, 2, 3, -4, 3, 5, 2, 0]--- 12 points removed --- 8 9 12 24 40 64 72 73 76 88 104 105 
[8, 7, 6, 7, 1, 2, -8, 2, 0]--- 12 points removed --- 2 3 6 7 10 11 14 15 18 34 42 66 
[-4, 5, 1, 3, -3, -2, 5, -2, 6]--- 12 points removed --- 13 133 136 137 140 141 157 165 169 172 173 189 
[-2, 5, -2, -5, 4, 6, 1, 6, 3]--- 12 points removed --- 16 18 48 50 144 146 160 176 178 184 186 240 
[2, 4, -4, -3, 1, 5, -4, 2, 6]--- 12 points removed --- 18 34 42 48 50 51 58 59 114 178 179 186 
[-2, -2, 4, -6, 6, -1, 5, 5, 5]--- 12 points removed --- 16 20 80 84 144 148 208 212 213 214 240 244 
[1, 3, 7, -7, 8, -3, 8, 6, 2]--- 12 points removed --- 4 16 20 21 52 80 84 144 148 149 208 212 
[3, 1, -3, 8, 6, 2, 8, -4, 1]--- 12 points removed --- 1 5 32 33 37 65 96 97 101 161 165 225 
[-2, -8, 4, 3, 6, -3, -6, 1, 13]--- 12 points removed --- 66 70 71 86 194 195 198 199 214 215 230 231 
[7, 7, -2, -1, 6, 8, -5, 7, 0]--- 12 points removed --- 2 16 18 32 34 42 48 50 51 58 114 178 
[-1, -4, -8, 4, 8, 8, 2, -5, 11]--- 12 points removed --- 33 96 97 99 113 161 163 224 225 227 241 243 
[1, -3, 8, -6, 6, -2, 5, 8, 4]--- 12 points removed --- 16 20 68 80 84 86 92 144 148 208 212 214 
[8, 6, 7, 7, 2, 1, -8, 2, 0]--- 12 points removed --- 2 3 6 7 10 11 14 15 18 34 66 70 
[2, 1, 7, -6, 8, -2, 8, 7, 0]--- 12 points removed --- 4 16 20 21 52 68 80 84 144 148 208 212 
[8, 5, 5, 4, 2, 2, -8, 1, 2]--- 12 points removed --- 2 3 6 7 10 11 14 15 18 19 34 66 
[5, -1, 3, 2, -4, 2, 5, 3, 0]--- 12 points removed --- 8 9 12 24 40 64 72 73 76 88 92 104 
[3, 3, -8, 1, 7, 8, 5, 7, 0]--- 12 points removed --- 32 33 34 40 48 50 96 112 160 176 224 240 
[-5, -3, -5, 1, 5, 4, -2, -7, 16]--- 12 points removed --- 99 161 163 179 195 225 227 231 235 241 243 247 
[-1, 7, 8, -2, 2, -7, 8, -6, 8]--- 12 points removed --- 5 13 20 21 29 133 141 145 148 149 157 213 
[4, 8, 1, -3, 8, 8, -4, 3, 0]--- 11 points removed --- 2 3 16 18 19 34 48 50 51 146 178 
[7, -1, 8, 7, 8, -3, -4, 5, 0]--- 11 points removed --- 2 4 6 7 64 66 68 70 71 86 198 
[1, -5, -2, -3, -2, -3, -2, -3, 16]--- 11 points removed --- 95 111 119 123 125 126 127 223 247 253 255 
[-2, 5, 8, 4, -6, 8, -2, -1, 5]--- 11 points removed --- 8 9 10 11 136 137 138 139 154 155 203 
[-5, -6, 3, -1, 2, -5, -2, -1, 16]--- 11 points removed --- 197 198 199 207 212 213 214 215 222 223 247 
[4, -6, -6, 6, 5, 6, 3, -8, 11]--- 11 points removed --- 33 65 96 97 99 101 105 107 113 225 227 
[-3, -5, 8, 6, 6, -7, -6, -4, 16]--- 11 points removed --- 7 70 71 135 195 197 198 199 207 215 231 
[8, -8, 8, -3, -1, -3, 5, 7, 7]--- 11 points removed --- 64 68 72 76 80 84 86 88 92 93 94 
[2, -4, 1, -4, -4, -3, -2, -1, 14]--- 11 points removed --- 91 92 93 94 95 125 126 127 222 223 255 
[8, -5, -3, 2, -1, 8, 2, -3, 7]--- 11 points removed --- 65 73 96 97 99 104 105 107 113 121 123 
[-2, 8, 6, 8, -8, 1, 7, -2, 4]--- 11 points removed --- 8 9 12 13 136 137 139 140 141 169 173 
[8, 7, -3, 8, -5, 3, 1, 8, 0]--- 11 points removed --- 8 10 12 14 32 34 40 42 44 46 104 
[-4, -4, 2, -1, 1, -4, -3, -2, 14]--- 11 points removed --- 198 199 207 213 214 215 222 223 231 247 255 
[-3, -3, 3, 2, 1, -2, -3, -3, 10]--- 11 points removed --- 71 135 195 197 198 199 203 207 215 223 231 
[8, 7, 5, 8, 3, 1, 3, -8, 0]--- 11 points removed --- 1 3 5 7 9 11 13 15 33 37 65 
[-5, -5, 3, -1, 2, -5, -3, -2, 16]--- 11 points removed --- 197 198 199 207 213 214 215 222 223 231 247 
[8, 8, -2, 6, -7, 1, -2, 8, 3]--- 11 points removed --- 8 10 12 14 34 40 42 44 46 58 62 
[5, -6, 8, -3, 4, -6, 2, 8, 7]--- 11 points removed --- 20 68 70 76 80 84 86 92 94 212 214 
[3, -2, 5, 4, 5, -1, -2, 4, 0]--- 11 points removed --- 2 4 6 64 66 68 70 71 86 194 198 
[-5, -6, 3, -1, 3, -5, -2, -2, 16]--- 11 points removed --- 197 198 199 207 212 213 214 215 223 231 247 
[6, 5, 6, 4, 2, -6, 2, 1, 0]--- 11 points removed --- 4 5 6 7 12 13 14 15 20 21 68 
[8, -3, 5, -1, -1, 2, 8, 5, 0]--- 11 points removed --- 8 16 24 64 68 72 76 80 84 88 92 
[8, 5, -1, 8, -7, 3, 3, 8, 0]--- 11 points removed --- 8 10 12 14 32 40 42 44 46 72 104 
[-6, -4, 6, 3, 6, -6, -1, -6, 16]--- 11 points removed --- 71 133 135 195 197 198 199 207 213 215 231 
[5, -3, 1, 5, 1, 5, 5, -2, 0]--- 11 points removed --- 1 9 33 64 65 72 73 96 97 104 105 
[-5, -3, 6, 8, 6, -6, -5, -6, 16]--- 11 points removed --- 7 71 133 135 195 197 198 199 207 215 231 
[5, -3, 6, 4, 6, -2, -1, 5, 0]--- 11 points removed --- 2 4 6 64 66 68 70 71 84 86 198 
[8, 6, 7, 8, 1, 2, 4, -8, 0]--- 11 points removed --- 1 3 5 7 9 11 13 15 33 65 73 
[5, -3, 2, 5, -1, 5, 5, -1, 0]--- 11 points removed --- 1 8 9 64 65 72 73 96 97 104 105 
[-1, -7, 4, 2, 8, 8, 6, 8, 0]--- 11 points removed --- 64 66 80 96 112 128 192 194 208 224 240 
[1, -4, 8, -2, 2, -4, -1, 8, 7]--- 10 points removed --- 68 70 84 86 92 94 198 212 214 222 
[1, 2, 8, 3, 3, -3, -2, -3, 4]--- 10 points removed --- 3 5 6 7 15 23 71 133 135 199 
[-2, -3, -2, 3, 1, 3, -3, -4, 10]--- 10 points removed --- 99 107 163 195 203 225 227 231 235 243 
[8, -4, -3, -2, -5, 1, -2, -5, 16]--- 10 points removed --- 59 91 95 105 107 111 121 123 125 127 
[-5, 3, 8, -6, 6, -5, 8, -2, 10]--- 10 points removed --- 20 21 133 144 145 148 149 157 212 213 
[8, -3, -4, -2, -6, 2, -1, -5, 16]--- 10 points removed --- 57 59 91 105 107 111 121 123 125 127 
[1, -3, 4, 2, 4, -2, -3, 2, 4]--- 10 points removed --- 6 66 68 70 71 86 194 198 199 214 
[-1, -4, 5, -3, 3, -8, -2, 4, 13]--- 10 points removed --- 70 84 86 94 150 198 212 214 215 222 
[7, 7, -3, 4, -2, 5, -3, 7, 1]--- 10 points removed --- 2 8 10 32 34 40 42 46 50 58 
[5, -2, 8, 6, -4, -3, 8, 8, 1]--- 10 points removed --- 4 8 12 64 68 72 76 92 140 204 
[-1, -3, -3, 3, 2, 3, -2, -4, 9]--- 10 points removed --- 97 99 107 163 195 225 227 231 235 243 
[3, -4, 2, -5, -4, -5, -3, 1, 16]--- 10 points removed --- 30 86 92 93 94 95 126 127 222 223 
[2, 4, 1, 3, 3, -2, 3, -3, 1]--- 10 points removed --- 1 4 5 7 13 21 33 37 133 165 
[-6, -2, 8, -7, 7, -8, -1, 6, 16]--- 10 points removed --- 84 86 148 150 198 212 213 214 215 222 
[-3, -3, -1, 3, 2, 2, -3, -4, 10]--- 10 points removed --- 99 163 195 199 203 225 227 231 235 243 
[-3, -3, -2, 2, 3, 1, -3, -4, 11]--- 10 points removed --- 99 163 195 199 225 227 231 235 243 247 
[4, 3, 8, 5, 5, -5, -5, -4, 6]--- 10 points removed --- 3 5 6 7 15 23 70 71 135 199 
[-5, -4, 8, -3, 3, -7, -3, 2, 16]--- 10 points removed --- 86 150 198 199 212 213 214 215 222 223 
[5, 1, 5, 3, 2, -5, 2, 4, 0]--- 10 points removed --- 4 5 6 12 14 20 68 70 76 84 
[2, -8, 3, 3, 3, 2, 1, 3, 4]--- 10 points removed --- 64 65 66 68 70 72 80 96 192 194 
[4, 4, -2, 1, 1, 4, -2, 4, 0]--- 10 points removed --- 2 10 18 32 34 40 42 48 50 58 
[2, -7, 8, 1, 8, -7, -6, 7, 12]--- 9 points removed --- 6 66 68 70 71 84 86 198 214 
[1, 3, 4, -1, -1, -4, 4, -4, 6]--- 9 points removed --- 5 13 21 29 93 133 141 149 157 
[-2, 3, -2, -4, -1, 8, -2, 4, 7]--- 9 points removed --- 50 58 146 154 176 178 184 186 250 
[8, -2, -7, -3, -4, 3, 1, -5, 16]--- 9 points removed --- 57 59 105 107 113 121 123 125 127 
[-3, -4, 2, -2, -1, -4, -4, -2, 16]--- 9 points removed --- 95 199 207 214 215 222 223 247 255 
[5, 3, 5, -2, 8, -5, 8, 3, 1]--- 9 points removed --- 4 5 16 20 21 52 68 84 148 
[-4, 1, 1, 1, 3, 4, 4, 4, 0]--- 9 points removed --- 128 136 144 160 176 192 208 224 240 
[3, 2, -4, 3, 1, 4, 2, 3, 0]--- 9 points removed --- 32 33 34 40 42 48 96 104 160 
[2, -3, 3, -4, -1, -4, -2, 3, 10]--- 9 points removed --- 30 84 86 92 94 95 126 214 222 
[4, -3, 1, -5, -4, -5, -4, 2, 16]--- 9 points removed --- 30 62 86 92 94 95 126 127 222 
[-1, -2, -1, -3, -1, -3, -2, -3, 13]--- 9 points removed --- 95 119 127 191 215 223 247 253 255 
[2, -2, 4, 3, 4, -3, -3, 1, 4]--- 9 points removed --- 6 7 66 68 70 71 86 198 199 
[-2, 4, 5, 5, 5, -6, 1, -6, 8]--- 9 points removed --- 5 7 133 135 141 149 165 197 199 
[4, 3, -2, -1, -8, -2, -2, 4, 11]--- 9 points removed --- 14 30 42 44 46 58 60 62 126 
[4, 3, 1, 2, 2, 3, -5, 3, 1]--- 9 points removed --- 2 3 6 10 18 34 42 50 66 
[-2, -3, 4, -1, 3, -8, -3, 2, 13]--- 9 points removed --- 70 86 150 198 199 212 214 215 222 
[2, -3, 5, 5, 5, 1, -2, 5, 0]--- 9 points removed --- 2 6 64 66 68 70 192 194 198 
[2, 3, -2, 5, 5, -1, 5, -5, 3]--- 9 points removed --- 1 5 33 37 97 101 133 161 165 
[6, 8, -8, -6, -1, 7, -8, 2, 15]--- 9 points removed --- 34 42 50 51 58 59 62 178 186 
[1, -3, 3, -4, -2, -4, -3, 2, 12]--- 9 points removed --- 30 86 92 94 95 126 214 222 223 
[-3, 1, 3, 2, 3, -4, 2, -4, 7]--- 9 points removed --- 5 133 135 141 149 165 197 199 213 
[3, 1, 5, 8, -2, 3, 3, -2, 0]--- 9 points removed --- 1 8 9 11 13 65 72 73 137 
[-5, -5, -1, 2, 5, -2, -5, -3, 16]--- 9 points removed --- 195 198 199 215 227 230 231 243 247 
[-2, 3, -4, 8, 2, 1, 3, -3, 5]--- 9 points removed --- 33 37 160 161 163 165 169 173 225 
[-5, -5, 2, 5, 2, 1, -8, -3, 16]--- 9 points removed --- 194 195 198 199 203 207 227 231 235 
[-6, 1, 8, -4, 6, -6, 8, -3, 12]--- 9 points removed --- 21 133 145 148 149 157 197 212 213 
[4, 5, 5, -4, 8, -7, 8, 3, 3]--- 9 points removed --- 4 5 16 20 21 52 84 148 149 
[3, 3, -4, 2, 2, 8, 1, 3, 0]--- 9 points removed --- 32 33 34 40 42 48 50 96 160 
[3, -3, 3, -8, -2, -6, -1, 2, 16]--- 9 points removed --- 30 84 86 92 93 94 95 126 222 
[-2, -3, 4, -3, 1, -4, -3, 2, 11]--- 9 points removed --- 86 94 150 198 212 214 215 222 223 
[8, 3, 2, 1, 3, 3, -4, 2, 0]--- 9 points removed --- 2 3 6 10 18 19 34 50 66 
[-5, 4, -3, -1, -5, -2, 4, -5, 16]--- 8 points removed --- 141 157 169 173 185 189 191 253 
[-4, 2, 1, -3, -2, 4, -4, 3, 9]--- 8 points removed --- 138 146 154 155 178 186 218 250 
[3, -6, -5, 4, -1, 4, -3, -6, 16]--- 8 points removed --- 97 99 105 107 111 123 227 235 
[3, -4, -4, 2, -2, 3, -1, -4, 11]--- 8 points removed --- 97 99 105 107 111 121 123 235 
[3, 4, -4, -1, -2, 2, -4, 3, 7]--- 8 points removed --- 34 42 46 50 58 59 62 186 
[8, 6, -7, 8, -1, 7, 2, 8, 0]--- 8 points removed --- 8 32 34 40 42 44 96 104 
[8, -8, 8, -3, -2, -3, 1, 2, 12]--- 8 points removed --- 76 84 86 88 92 93 94 95 
[-2, -4, 3, -3, -2, -4, -4, -1, 16]--- 8 points removed --- 94 95 207 214 215 222 223 255 
[-3, -4, -2, -1, 3, -2, -4, -4, 16]--- 8 points removed --- 119 199 215 227 231 243 247 255 
[8, 2, 1, 8, 7, 6, 7, -8, 0]--- 8 points removed --- 1 3 5 9 33 37 65 97 
[8, -6, -7, -1, -2, 6, 5, -7, 16]--- 8 points removed --- 57 97 105 107 113 121 123 125 
[-1, -4, 3, -8, -1, -2, -3, 1, 16]--- 8 points removed --- 86 94 95 214 215 218 222 223 
[4, 4, -3, 1, -2, 2, -3, 4, 4]--- 8 points removed --- 10 34 40 42 46 50 58 62 
[-3, 2, -1, -4, -2, 4, -3, 4, 9]--- 8 points removed --- 58 146 154 178 184 186 218 250 
[4, 2, -1, -2, -8, -3, -3, 4, 13]--- 8 points removed --- 14 30 46 58 60 62 94 126 
[8, 1, 2, 8, 2, 3, 3, -4, 0]--- 8 points removed --- 1 3 5 9 33 65 73 97 
[8, 2, 8, 1, 3, -5, 3, 2, 1]--- 8 points removed --- 4 5 6 12 20 21 68 84 
[3, -7, -4, 1, -3, 2, -2, -4, 16]--- 8 points removed --- 99 105 107 111 121 123 127 235 
[4, 1, -2, 4, -2, 3, 3, 4, 0]--- 8 points removed --- 8 32 40 42 44 72 96 104 
[-2, 8, -4, 8, -8, -8, 4, 7, 14]--- 7 points removed --- 12 44 46 140 172 173 174 
[-1, -3, 1, -2, -2, -3, -3, -2, 13]--- 7 points removed --- 95 127 207 215 222 223 255 
[-3, 1, -2, -2, -7, -2, 1, -3, 16]--- 7 points removed --- 157 173 185 189 191 253 255 
[-1, -2, -2, -3, -2, -5, -1, -3, 16]--- 7 points removed --- 125 127 191 223 247 253 255 
[-2, -1, -2, -3, -2, -3, -1, -3, 14]--- 7 points removed --- 127 189 191 223 247 253 255 
[-4, -3, 2, 8, -1, 2, -7, -5, 16]--- 7 points removed --- 139 195 199 203 207 227 235 
[-2, -3, -1, -2, 1, -2, -3, -3, 13]--- 7 points removed --- 119 215 223 231 243 247 255 
[-1, -6, -2, -2, 1, -2, -3, -3, 16]--- 7 points removed --- 119 127 215 231 243 247 255 
[-3, 2, 2, -1, -2, 3, -3, 1, 6]--- 7 points removed --- 138 139 146 154 155 186 218 
[1, -1, 8, 8, 8, -8, -8, -6, 15]--- 7 points removed --- 6 7 70 71 135 198 199 
[-8, -1, 8, 5, 8, -7, 1, -7, 16]--- 7 points removed --- 133 135 149 197 199 213 215 
[8, 8, 6, -2, 8, 7, -8, -1, 3]--- 7 points removed --- 2 3 18 19 23 50 51 
[-1, -8, 8, 8, 8, 2, -6, 7, 7]--- 7 points removed --- 64 66 70 192 194 195 198 
[-8, 3, 2, -8, 4, -1, -2, 8, 15]--- 7 points removed --- 144 146 148 150 178 182 214 
[-6, 8, -1, 8, -8, -8, 7, 2, 15]--- 7 points removed --- 12 44 140 141 172 173 174 
[-1, 1, 3, 3, 3, -3, -1, -3, 5]--- 7 points removed --- 5 7 71 133 135 197 199 
[-2, 4, -3, 4, 2, -1, 8, -6, 8]--- 7 points removed --- 33 37 133 161 165 169 173 
[8, 8, 7, -3, 8, 4, -8, -4, 7]--- 7 points removed --- 2 3 7 18 19 23 51 
[-7, 8, -2, 8, 1, -6, 8, -8, 15]--- 7 points removed --- 37 133 141 161 165 169 173 
[-5, -3, 8, -1, 8, -8, 2, -4, 16]--- 7 points removed --- 133 149 197 199 212 213 215 
[8, -4, 3, -5, -5, -5, 1, -2, 16]--- 7 points removed --- 29 92 93 94 95 125 127 
[-2, -8, 8, 8, 8, 1, -7, 6, 9]--- 7 points removed --- 66 70 192 194 195 198 199 
[-4, -1, 4, -2, 4, -4, 3, -2, 9]--- 7 points removed --- 133 148 149 197 212 213 215 
[1, -4, -8, 8, 2, 8, -1, -7, 16]--- 7 points removed --- 97 99 105 107 225 227 235 
[-8, 2, 7, -8, 8, -6, -1, 8, 15]--- 7 points removed --- 144 146 148 150 182 212 214 
[-2, -4, -2, 8, -1, 4, -8, -3, 16]--- 7 points removed --- 99 107 195 203 227 234 235 
[-7, -2, 8, -6, 8, -7, 5, -1, 16]--- 7 points removed --- 148 149 197 212 213 214 215 
[-8, -3, 8, -2, 8, -5, 1, -2, 16]--- 7 points removed --- 149 197 199 212 213 214 215 
[-1, 8, -2, 8, 7, -6, 8, -8, 9]--- 7 points removed --- 5 33 37 133 161 165 173 
[-2, 4, -1, 8, 2, -3, 4, -4, 6]--- 7 points removed --- 5 37 133 141 161 165 173 
[-4, 3, -6, 8, -2, -6, -4, 8, 16]--- 6 points removed --- 46 166 172 174 230 238 
[-4, 8, -7, -1, -5, 1, 8, -4, 16]--- 6 points removed --- 57 169 173 184 185 189 
[-3, 5, -6, -5, 6, 7, -7, -1, 16]--- 6 points removed --- 50 51 163 178 179 243 
[-2, 1, -3, -1, 8, 8, -3, -2, 8]--- 6 points removed --- 51 163 178 179 227 243 
[-1, 2, -3, 3, -2, -3, -1, 3, 7]--- 6 points removed --- 44 46 166 172 174 238 
[-3, -1, -2, 3, 1, -3, -3, 2, 9]--- 6 points removed --- 166 174 198 230 231 238 
[3, 1, -3, -3, -2, 3, -1, -2, 8]--- 6 points removed --- 51 57 58 59 121 123 
[-3, -2, -1, 3, 2, -3, -3, 1, 9]--- 6 points removed --- 166 198 199 230 231 238 
[-2, -1, -3, -3, -3, -3, 1, -2, 14]--- 6 points removed --- 125 189 191 252 253 255 
[8, 2, -7, -8, -1, 8, -2, -1, 16]--- 6 points removed --- 50 51 57 58 59 123 
[-1, -1, -2, -2, -2, -2, 0, -8, 16]--- 6 points removed --- 125 127 189 191 253 255 
[-1, -2, -5, -3, -3, -3, 1, -2, 16]--- 6 points removed --- 125 127 189 252 253 255 
[-8, 8, -1, -6, 8, -1, -7, 8, 16]--- 5 points removed --- 146 150 166 178 182 
[-6, -1, -3, 8, -1, -2, -6, 3, 16]--- 5 points removed --- 166 174 230 234 238 
[-2, -3, -2, 1, -2, 1, -1, 1, 8]--- 5 points removed --- 232 234 235 238 250 
[3, -2, -3, 1, -3, -1, -3, -3, 12]--- 5 points removed --- 47 107 111 123 127 
[-8, -1, 1, -3, -3, 2, -4, 8, 16]--- 5 points removed --- 154 186 218 222 250 
[3, 3, -3, -1, -2, -3, 1, 3, 6]--- 5 points removed --- 44 46 52 60 62 
[8, 8, -1, -8, 7, -1, 8, 8, 2]--- 5 points removed --- 16 20 48 52 60 
[-7, 8, -7, -8, -1, 8, 1, 6, 16]--- 5 points removed --- 176 178 184 185 186 
[-8, -6, -1, -6, 5, -1, 8, 8, 16]--- 5 points removed --- 208 212 240 244 252 
[-3, -1, -1, -2, -3, 7, -6, 3, 13]--- 5 points removed --- 154 186 218 234 250 
[2, 1, -3, -4, -3, 8, 1, -3, 10]--- 5 points removed --- 57 59 121 123 185 
[-1, -8, -8, 8, -1, 8, 7, 8, 10]--- 5 points removed --- 96 104 224 232 234 
[8, 2, -1, 8, -3, -8, -3, -1, 13]--- 5 points removed --- 14 15 46 47 111 
[-3, 1, -3, 2, 1, -3, -3, 8, 9]--- 5 points removed --- 166 174 182 230 238 
[-2, -7, -4, -2, -1, -2, 2, 1, 16]--- 3 points removed --- 244 252 253 
[-3, -1, 5, -2, -1, 2, 5, -4, 10]--- 1 points removed --- 217 
[4, 6, 5, 4, 1, -3, 1, -3, 0]--- 0 points removed --- 
