[-2, -3, -3, -1, 6, 8, 7, 8, 0]--- 22 points removed --- 16 32 48 64 80 96 112 120 128 144 160 176 192 208 224 226 232 240 241 242 244 248 
[-2, -2, -1, -2, 6, 5, 6, 6, 0]--- 20 points removed --- 16 32 48 64 80 96 112 128 144 160 176 192 208 212 224 240 241 242 244 248 
[-3, -1, -2, -2, 7, 7, 7, 6, 0]--- 20 points removed --- 16 32 48 64 80 96 112 128 144 160 176 177 192 208 224 240 241 242 244 248 
[8, 7, 7, 5, -2, -3, 1, -3, 0]--- 19 points removed --- 1 3 4 5 6 7 8 9 10 11 12 13 14 15 21 29 31 45 77 
[8, 7, 6, 5, -1, -3, 2, -4, 0]--- 19 points removed --- 1 3 4 5 6 7 8 9 11 12 13 14 15 21 29 31 37 45 77 
[-3, -2, -3, 1, 6, 8, 5, 8, 0]--- 19 points removed --- 32 48 64 80 96 112 128 144 160 162 176 192 208 224 226 232 240 242 248 
[-3, -3, -2, 1, 5, 8, 6, 8, 0]--- 19 points removed --- 32 48 64 80 96 112 128 144 160 176 192 200 208 224 226 232 240 242 248 
[1, -2, -2, -4, 5, 8, 8, 8, 0]--- 18 points removed --- 16 32 48 56 64 80 88 96 112 120 144 160 176 192 208 224 240 248 
[7, 5, 6, 8, -4, -2, -2, 3, 0]--- 17 points removed --- 2 4 6 7 8 9 10 11 12 13 14 15 46 74 76 78 142 
[2, 8, 8, 5, 3, 3, -4, -4, 0]--- 17 points removed --- 1 2 3 5 6 7 9 10 11 15 19 129 130 131 135 139 147 
[7, 7, 7, 8, -2, -2, -4, 1, 0]--- 17 points removed --- 2 3 4 5 6 7 8 9 10 11 12 13 14 15 46 78 142 
[8, 8, 8, 5, -2, -2, -1, -2, 0]--- 17 points removed --- 1 2 3 4 5 6 7 8 9 10 11 12 13 14 15 29 31 
[-2, 1, -3, -3, 8, 8, 8, 5, 0]--- 17 points removed --- 16 32 48 49 80 96 112 128 144 160 176 177 192 208 224 240 241 
[8, 6, 5, 6, -2, -2, 3, -4, 0]--- 17 points removed --- 1 3 4 5 7 8 9 11 12 13 14 15 29 37 41 45 77 
[7, 8, 6, 6, 1, -4, 2, -4, 0]--- 17 points removed --- 1 3 4 5 6 7 9 11 12 13 14 15 21 29 37 45 133 
[-3, -3, 1, -2, 8, 5, 8, 8, 0]--- 17 points removed --- 16 48 64 80 96 112 128 144 160 176 192 196 208 212 224 240 244 
[7, 6, 4, 5, -1, -2, 3, -4, 0]--- 17 points removed --- 1 3 4 5 7 8 9 11 12 13 15 21 29 37 41 45 77 
[8, 7, 6, 7, -3, -1, 2, -4, 0]--- 17 points removed --- 1 3 4 5 7 8 9 10 11 12 13 14 15 29 41 45 77 
[7, 6, 7, 8, -3, -1, -4, 2, 0]--- 17 points removed --- 2 3 4 6 7 8 9 10 11 12 13 14 15 46 74 78 142 
[7, 6, 7, 8, -4, -3, -1, 2, 0]--- 17 points removed --- 2 4 5 6 7 8 9 10 11 12 13 14 15 46 76 78 142 
[6, 6, 5, 7, -1, -3, -3, 2, 0]--- 17 points removed --- 2 3 4 5 6 7 8 10 11 12 13 14 15 38 46 78 142 
[8, 6, 7, 7, -4, -3, 2, -1, 0]--- 17 points removed --- 1 4 5 6 7 8 9 10 11 12 13 14 15 29 45 76 77 
[4, 5, 5, 3, 2, 2, -6, 1, 0]--- 16 points removed --- 2 3 6 7 10 11 14 15 18 19 22 26 34 66 130 131 
[4, 8, 8, 5, 1, 1, -3, -3, 0]--- 16 points removed --- 1 2 3 5 6 7 9 10 11 13 14 15 19 131 135 139 
[1, 8, 8, -2, 5, 5, -6, 4, 0]--- 16 points removed --- 2 3 6 10 16 18 19 22 26 130 131 144 146 147 150 154 
[-1, 7, 8, 6, 6, 3, -2, -5, 0]--- 16 points removed --- 1 2 3 5 7 11 19 128 129 130 131 133 135 139 147 195 
[4, 8, 8, 6, 2, 2, -3, -5, 0]--- 16 points removed --- 1 2 3 5 6 7 9 10 11 13 15 19 129 131 135 139 
[2, 1, -4, -4, 6, 7, 8, 7, 0]--- 16 points removed --- 16 32 48 49 52 56 80 96 112 120 144 160 176 208 224 240 
[4, 8, 8, 6, 3, 2, -1, -7, 0]--- 16 points removed --- 1 2 3 5 7 9 11 13 15 17 19 129 131 133 135 139 
[6, 8, 4, 5, 1, -5, 3, -2, 0]--- 16 points removed --- 1 4 5 6 7 9 12 13 14 15 21 29 36 37 45 133 
[1, 2, -4, -4, 7, 7, 8, 6, 0]--- 16 points removed --- 16 32 48 49 52 56 80 96 112 144 160 176 177 208 224 240 
[5, 4, 5, 3, 1, 2, -6, 2, 0]--- 16 points removed --- 2 3 6 7 10 11 14 15 18 19 22 26 34 66 74 130 
[1, 8, 8, 3, 5, 5, -6, -2, 0]--- 16 points removed --- 1 2 3 6 7 10 11 18 19 129 130 131 135 139 146 147 
[2, 8, 8, 5, 4, 3, -2, -6, 0]--- 16 points removed --- 1 2 3 5 7 9 11 15 17 19 129 131 133 135 139 147 
[7, 7, 8, 8, -3, 1, -3, -3, 1]--- 16 points removed --- 1 2 3 5 6 7 8 9 10 11 12 13 14 15 75 139 
[-1, 7, 8, 3, 6, 6, -5, -2, 0]--- 16 points removed --- 1 2 3 7 11 18 19 128 129 130 131 135 139 146 147 195 
[4, 8, 7, 7, 4, -2, 1, -6, 0]--- 16 points removed --- 1 3 4 5 6 7 9 11 13 15 21 37 129 131 133 135 
[8, 5, 8, 7, -4, 1, -4, 2, 0]--- 16 points removed --- 2 3 6 7 8 9 10 11 12 13 14 15 26 74 75 78 
[-1, 6, 8, 2, 5, 4, -5, -3, 2]--- 16 points removed --- 1 2 3 7 11 18 19 129 130 131 135 139 146 147 151 195 
[2, 5, 5, 1, 4, 4, -7, 1, 1]--- 16 points removed --- 2 3 6 7 10 11 18 19 22 26 34 66 130 131 146 147 
[5, 5, 4, 3, 2, 1, -6, 2, 0]--- 16 points removed --- 2 3 6 7 10 11 14 15 18 19 22 26 34 38 66 130 
[4, 8, 8, 6, 2, 2, -5, -3, 0]--- 16 points removed --- 1 2 3 5 6 7 9 10 11 14 15 19 130 131 135 139 
[6, 8, 7, 7, 2, -4, 1, -4, 0]--- 16 points removed --- 1 3 4 5 6 7 9 11 12 13 14 15 21 37 133 135 
[8, 4, 8, 6, -3, 2, -5, 2, 0]--- 16 points removed --- 2 3 6 7 8 9 10 11 12 14 15 26 66 74 75 78 
[6, 7, 8, 8, -1, 2, -4, -3, 0]--- 16 points removed --- 1 2 3 5 6 7 8 9 10 11 13 14 15 75 131 139 
[3, 5, 8, 4, 3, 1, 1, -6, 0]--- 16 points removed --- 1 3 5 7 9 11 13 15 17 19 21 65 129 131 133 135 
[1, 6, 8, 4, 3, 2, -2, -4, 0]--- 16 points removed --- 1 2 3 5 7 9 11 15 19 129 130 131 133 135 139 147 
[6, 5, 8, 8, -3, 2, -3, -1, 0]--- 16 points removed --- 1 2 3 6 7 8 9 10 11 12 13 14 15 74 75 139 
[4, 5, 6, 2, 3, 3, -7, 2, 0]--- 16 points removed --- 2 3 6 7 10 11 14 18 19 22 26 34 66 130 131 146 
[7, 8, 6, 5, 1, -2, 4, -6, 0]--- 16 points removed --- 1 3 4 5 7 9 11 12 13 15 17 21 29 37 45 133 
[2, 8, 8, 6, 4, 2, -3, -5, 0]--- 16 points removed --- 1 2 3 5 6 7 9 11 15 19 129 130 131 133 135 139 
[-1, 6, 8, 4, 5, 2, -3, -5, 2]--- 16 points removed --- 1 2 3 5 7 11 19 129 130 131 133 135 139 147 151 195 
[4, 8, 7, 6, 4, -1, 2, -7, 0]--- 16 points removed --- 1 3 4 5 7 9 11 13 15 17 21 37 129 131 133 135 
[1, 7, 8, 4, 4, 3, -2, -5, 0]--- 16 points removed --- 1 2 3 5 7 9 11 17 19 129 130 131 133 135 139 147 
[3, 8, 8, 7, 4, 1, -2, -6, 0]--- 16 points removed --- 1 2 3 5 6 7 9 11 13 15 19 129 131 133 135 139 
[1, 8, 8, 6, 5, 2, -3, -5, 0]--- 16 points removed --- 1 2 3 5 6 7 11 15 19 129 130 131 133 135 139 147 
[8, 8, 6, 7, 1, -4, -4, 2, 0]--- 15 points removed --- 2 3 4 5 6 7 10 11 12 13 14 15 22 38 46 
[1, 3, -8, 3, 7, 4, 5, 8, 0]--- 15 points removed --- 32 34 36 40 48 52 96 100 112 160 162 164 176 224 240 
[2, 2, -8, 1, 6, 5, 7, 8, 0]--- 15 points removed --- 32 34 36 40 48 52 56 96 100 112 160 164 176 224 240 
[-1, 8, 8, -3, 6, 5, -6, 2, 2]--- 15 points removed --- 2 3 16 18 19 22 26 130 131 144 146 147 150 151 154 
[3, 2, -6, -1, 4, 5, 7, 6, 0]--- 15 points removed --- 16 32 36 40 48 49 52 56 96 112 120 160 176 224 240 
[8, 5, 8, 8, -4, -4, 2, 1, 0]--- 15 points removed --- 4 5 6 7 8 9 10 11 12 13 14 15 76 77 78 
[-1, 8, 8, -2, 6, 6, -5, 4, 0]--- 15 points removed --- 2 3 16 18 19 22 26 128 130 131 144 146 147 150 154 
[1, 3, -2, -6, 7, 7, 8, 5, 0]--- 15 points removed --- 16 17 32 48 49 52 56 80 112 144 160 176 177 208 240 
[-4, 1, -4, 2, 8, 7, 6, 8, 0]--- 15 points removed --- 32 48 96 112 128 144 160 162 164 176 192 208 224 226 240 
[-4, -4, 1, 2, 6, 7, 8, 8, 0]--- 15 points removed --- 64 80 96 112 128 144 160 176 192 196 200 208 224 232 240 
[1, 8, 8, 2, 6, 6, -5, -3, 0]--- 15 points removed --- 1 2 3 7 11 17 18 19 129 130 131 135 139 146 147 
[-2, 6, 8, 1, 7, 5, -7, -4, 5]--- 15 points removed --- 2 3 7 18 19 129 130 131 135 139 146 147 151 195 211 
[1, 8, 8, -3, 6, 6, -5, 2, 0]--- 15 points removed --- 2 3 16 17 18 19 22 26 130 131 144 146 147 150 154 
[-2, 6, 8, 5, 7, 1, -3, -7, 4]--- 15 points removed --- 1 3 5 7 19 129 130 131 133 135 139 147 151 195 199 
[8, 4, 8, 8, -3, -5, 2, 2, 0]--- 15 points removed --- 4 5 6 7 8 9 10 12 13 14 15 68 76 77 78 
[2, -4, 1, -4, 6, 8, 8, 7, 0]--- 15 points removed --- 16 48 64 80 81 88 96 112 120 144 176 192 208 224 240 
[2, 3, -7, 3, 6, 2, 4, 8, 0]--- 15 points removed --- 32 34 36 38 40 48 52 96 100 112 160 162 164 176 224 
[6, 8, 8, 8, 2, -3, -1, -4, 0]--- 15 points removed --- 1 2 3 4 5 6 7 9 11 12 13 14 15 133 135 
[8, 2, 8, 4, -2, 3, -5, 3, 0]--- 15 points removed --- 2 3 6 8 10 11 14 15 18 26 66 74 75 78 90 
[3, 1, -6, -2, 5, 7, 8, 7, 0]--- 15 points removed --- 16 32 40 48 49 52 56 80 96 112 120 160 176 224 240 
[6, 8, 7, 5, 2, -1, 3, -7, 0]--- 15 points removed --- 1 3 4 5 7 9 11 13 15 17 21 29 37 129 133 
[-4, -4, 2, 1, 7, 6, 8, 8, 0]--- 15 points removed --- 64 80 96 112 128 144 160 176 192 196 200 208 212 224 240 
[2, 7, 7, 4, 3, 3, -5, -2, 0]--- 15 points removed --- 1 2 3 6 7 10 11 15 18 19 130 131 135 139 147 
[3, 7, 8, 7, 3, -1, -1, -4, 0]--- 15 points removed --- 1 2 3 4 5 6 7 9 11 13 15 129 131 133 135 
[5, 8, 6, 8, 1, -2, -2, -2, 0]--- 15 points removed --- 1 2 3 4 5 6 7 9 10 11 12 13 14 15 135 
[6, 8, 8, 8, 2, -1, -4, -3, 0]--- 15 points removed --- 1 2 3 4 5 6 7 9 10 11 13 14 15 131 135 
[8, 5, 8, 6, -1, 2, -7, 2, 0]--- 15 points removed --- 2 3 6 7 8 10 11 14 15 18 26 66 74 75 78 
[5, 8, 8, 6, 2, 2, -7, -1, 0]--- 15 points removed --- 1 2 3 6 7 10 11 14 15 18 19 130 131 135 139 
[5, 8, 8, 8, 3, -2, -2, -4, 0]--- 15 points removed --- 1 2 3 4 5 6 7 9 11 13 14 15 131 133 135 
[7, 7, 4, 6, 1, -2, -5, 3, 0]--- 14 points removed --- 2 3 4 6 7 10 11 12 14 15 22 34 38 46 
[-6, 1, -2, 3, 8, 7, 5, 8, 0]--- 14 points removed --- 32 96 128 130 144 160 162 164 176 192 208 224 226 240 
[-2, 1, -6, 3, 8, 7, 5, 8, 0]--- 14 points removed --- 32 34 48 96 112 128 160 162 164 176 192 224 226 240 
[-1, 8, 8, -5, 4, 3, -6, 4, 4]--- 14 points removed --- 2 16 18 19 22 26 130 144 146 147 150 151 154 158 
[-1, 2, -7, 4, 8, 6, 5, 8, 0]--- 14 points removed --- 32 34 36 48 96 112 128 160 162 164 176 224 226 240 
[-3, 4, 5, 6, 7, -2, -1, -8, 7]--- 14 points removed --- 1 3 5 7 129 131 133 135 151 165 167 195 197 199 
[-6, -2, 1, 3, 5, 7, 8, 8, 0]--- 14 points removed --- 64 96 128 136 144 160 176 192 196 200 208 224 232 240 
[8, 8, 5, 6, 2, -1, -7, 4, 0]--- 14 points removed --- 2 3 4 6 7 10 11 14 15 18 22 34 38 46 
[-4, 4, 8, 1, 6, 2, -6, -5, 8]--- 14 points removed --- 3 7 19 129 130 131 135 139 146 147 151 195 199 211 
[3, -8, 1, 2, 8, 6, 7, 5, 0]--- 14 points removed --- 64 65 66 68 80 81 96 97 100 112 192 208 224 240 
[1, -4, -4, 1, 7, 6, 8, 6, 1]--- 14 points removed --- 32 48 64 80 96 97 100 112 160 176 192 208 224 240 
[2, -7, 1, 3, 7, 4, 6, 5, 0]--- 14 points removed --- 64 65 66 68 80 96 97 100 112 192 196 208 224 240 
[-2, -5, 3, 1, 6, 4, 7, 8, 0]--- 14 points removed --- 64 68 80 96 112 128 144 192 196 200 208 212 224 240 
[-4, 4, 8, 3, 7, 2, -5, -6, 7]--- 14 points removed --- 3 7 19 129 130 131 133 135 139 147 151 195 199 211 
[8, 8, 5, 7, 1, -6, -2, 3, 0]--- 14 points removed --- 2 4 5 6 7 10 12 13 14 15 22 36 38 46 
[-4, 5, 7, 6, 8, -1, -2, -8, 7]--- 14 points removed --- 1 3 5 7 129 131 133 135 147 151 167 195 197 199 
[-2, -8, 5, 3, -1, -4, 8, 3, 9]--- 13 points removed --- 68 76 77 92 192 196 197 200 204 205 212 220 236 
[3, 2, -4, 3, 5, -1, 2, 4, 0]--- 13 points removed --- 4 32 34 36 37 38 48 52 96 100 102 160 164 
[7, 3, -4, 7, 8, -4, 1, 7, 0]--- 13 points removed --- 4 6 32 34 36 37 38 52 68 96 100 102 164 
[2, -7, -1, 2, 8, 6, 8, 6, 0]--- 13 points removed --- 32 64 65 68 80 96 97 100 112 192 208 224 240 
[8, 8, 5, 8, -6, 1, 4, -2, 0]--- 13 points removed --- 1 5 8 9 10 11 12 13 14 15 40 41 45 
[-2, -4, -4, -2, 1, 3, 4, 4, 7]--- 13 points removed --- 96 112 120 176 208 224 232 240 241 242 244 248 252 
[-8, 3, 2, 2, 6, 8, 5, 6, 0]--- 13 points removed --- 128 129 130 136 144 146 160 162 176 192 208 224 240 
[-3, 1, 1, -3, 8, 6, 5, 8, 0]--- 13 points removed --- 16 48 80 112 128 144 146 160 176 192 208 224 240 
[6, 6, 2, 5, 1, -3, -3, 4, 0]--- 13 points removed --- 2 4 6 7 10 12 14 15 22 34 36 38 46 
[-3, 6, 8, -1, 8, 5, -8, -2, 6]--- 13 points removed --- 2 3 18 19 130 131 135 146 147 150 151 195 211 
[-3, 1, -3, 4, 6, 5, 2, 8, 0]--- 13 points removed --- 32 34 96 128 130 160 162 164 176 192 224 226 240 
[1, 5, 4, 2, 5, 5, -6, 2, 0]--- 13 points removed --- 2 3 6 10 18 19 34 66 130 131 146 147 162 
[-2, 6, 5, 8, 8, -3, 1, -8, 5]--- 13 points removed --- 1 3 5 7 37 129 131 133 135 165 167 197 199 
[1, 6, 4, 5, 5, -2, 2, -5, 1]--- 13 points removed --- 1 3 4 5 7 13 21 37 129 131 133 135 165 
[-4, -8, 8, 4, 2, -3, 8, 5, 7]--- 12 points removed --- 64 68 76 192 196 197 200 204 205 208 212 220 
[-5, -8, 8, 3, 2, -4, 8, 4, 9]--- 12 points removed --- 68 76 192 196 197 200 204 205 208 212 213 220 
[2, 8, 4, -1, 5, 5, -3, -1, 0]--- 12 points removed --- 1 2 3 16 17 18 19 51 130 131 146 147 
[2, -1, 2, -6, 6, 8, 8, 5, 0]--- 12 points removed --- 16 17 48 64 80 81 88 112 144 176 208 240 
[4, 2, -1, 4, 5, -4, 2, 3, 0]--- 12 points removed --- 4 5 6 32 36 37 38 52 68 100 102 164 
[4, -1, 5, 2, -3, 3, -5, 2, 4]--- 12 points removed --- 2 10 11 14 26 66 74 75 78 90 91 202 
[3, 8, 1, 4, 2, -4, 4, -2, 1]--- 12 points removed --- 1 4 5 7 12 13 21 36 37 45 133 165 
[5, 3, 1, 4, -2, -2, 4, -4, 3]--- 12 points removed --- 1 5 9 12 13 15 29 37 41 45 77 109 
[-6, 1, 2, 2, 4, 8, 5, 5, 0]--- 12 points removed --- 128 129 130 136 144 160 176 192 200 208 224 240 
[2, -1, -5, 2, 6, 4, 6, 5, 0]--- 12 points removed --- 32 36 48 64 96 97 100 112 160 176 224 240 
[-4, -4, -2, -4, 3, 1, 3, 4, 9]--- 12 points removed --- 112 176 208 212 224 240 241 242 244 246 248 252 
[2, 4, -2, -4, 3, 4, 5, 1, 1]--- 12 points removed --- 16 17 32 48 49 52 56 57 112 144 176 177 
[2, 1, 1, -5, 5, 8, 4, 3, 0]--- 12 points removed --- 16 17 18 48 49 80 81 112 144 176 208 240 
[4, 2, -4, -2, 1, 4, 5, 3, 1]--- 12 points removed --- 16 32 40 48 49 52 56 57 96 112 120 176 
[2, -7, 2, -1, 7, 8, 8, 6, 0]--- 12 points removed --- 16 64 65 80 81 88 96 112 192 208 224 240 
[8, 7, 6, 8, 5, -8, 1, 1, 0]--- 12 points removed --- 4 5 6 7 12 13 14 15 36 37 38 68 
[-2, 5, 4, 1, 5, 5, -3, 1, 0]--- 12 points removed --- 2 3 18 19 128 129 130 131 144 146 147 162 
[-7, -7, 3, -4, 2, -5, 3, 5, 16]--- 11 points removed --- 196 204 208 212 213 214 220 222 244 246 252 
[8, 7, 5, -6, 8, 7, 1, -2, 0]--- 11 points removed --- 1 3 16 17 18 19 21 48 49 51 81 
[1, 3, 3, -8, 8, 8, 5, 7, 0]--- 11 points removed --- 16 17 18 48 80 112 144 146 176 208 240 
[7, 4, 3, -6, 7, 6, 3, -1, 0]--- 11 points removed --- 1 16 17 18 19 21 48 49 51 80 81 
[8, 1, 7, -5, 8, 2, 7, -6, 3]--- 11 points removed --- 1 5 16 17 19 21 49 65 80 81 85 
[-1, -2, -4, 4, -4, 2, 1, -3, 10]--- 11 points removed --- 41 105 107 109 169 171 232 233 235 237 239 
[7, 8, 6, 8, -8, 2, 2, 1, 0]--- 11 points removed --- 8 9 10 11 12 13 14 15 40 41 136 
[8, 4, 6, -1, 7, 2, 5, -6, 0]--- 11 points removed --- 1 3 5 16 17 19 21 49 65 81 85 
[4, 3, 8, 1, 4, 2, 2, -6, 1]--- 11 points removed --- 1 3 5 7 9 17 19 21 65 81 129 
[-6, -7, 1, -4, 2, -3, 2, 4, 15]--- 11 points removed --- 196 208 212 213 214 220 222 240 244 246 252 
[-2, -5, 3, 4, -2, -4, 5, 1, 8]--- 11 points removed --- 68 76 77 196 197 200 204 205 220 236 237 
[-4, -2, 2, 4, 1, 3, 6, 6, 1]--- 11 points removed --- 64 128 136 160 192 196 200 204 208 224 232 
[-3, -3, -3, -2, 3, 2, 1, 3, 7]--- 11 points removed --- 112 176 208 224 226 240 241 242 244 246 248 
[-4, -4, 2, -2, -1, -5, 3, 5, 11]--- 11 points removed --- 92 156 196 204 212 214 220 222 236 244 252 
[-2, -4, 4, 2, 3, 1, 5, 5, 1]--- 11 points removed --- 64 68 80 128 192 196 200 204 208 212 224 
[-2, -8, 3, 1, -2, -4, 8, 4, 11]--- 11 points removed --- 68 76 92 196 200 204 205 212 220 236 252 
[-4, -3, 1, -2, -2, -5, 4, 5, 11]--- 11 points removed --- 92 156 188 196 204 212 220 222 236 244 252 
[-6, 5, 3, 2, 5, 6, 1, 4, 0]--- 11 points removed --- 128 129 130 131 136 144 146 160 162 176 192 
[-1, 8, 4, 2, 6, 8, -5, 2, 0]--- 11 points removed --- 2 3 18 19 34 128 130 131 146 147 162 
[-3, -4, 2, -1, -2, -5, 4, 5, 10]--- 11 points removed --- 76 92 156 196 204 212 220 222 236 244 252 
[-7, 3, 3, -1, 8, 8, 5, 8, 0]--- 11 points removed --- 16 128 130 144 146 160 176 192 208 224 240 
[8, 4, 5, 8, 1, -8, 2, 2, 2]--- 11 points removed --- 4 5 6 7 12 13 14 15 36 68 76 
[-1, 3, 2, -7, 8, 8, 6, 8, 0]--- 11 points removed --- 16 18 48 80 112 128 144 146 176 208 240 
[4, -5, 2, -2, -5, 5, -3, -1, 11]--- 10 points removed --- 74 75 88 89 90 91 107 122 123 219 
[-7, -6, -1, 3, -6, -2, 8, 3, 16]--- 10 points removed --- 200 204 205 220 232 233 236 237 248 252 
[-3, -2, -5, 8, -4, 2, -1, -6, 16]--- 10 points removed --- 105 107 169 171 175 227 233 235 237 239 
[-5, -7, 2, 4, -5, -3, 7, 4, 13]--- 10 points removed --- 76 196 200 204 205 220 232 236 237 252 
[-8, -6, 2, 8, -1, 5, 7, 8, 7]--- 10 points removed --- 128 136 192 196 200 202 204 224 232 236 
[8, 6, 1, 8, 7, -8, 5, 2, 0]--- 10 points removed --- 4 5 6 7 12 36 37 38 68 100 
[-2, 1, -4, -2, -2, -4, -3, -3, 16]--- 10 points removed --- 63 127 175 183 189 190 191 239 247 255 
[8, -1, 8, -4, 7, 5, 8, -3, 0]--- 10 points removed --- 1 16 17 21 64 65 80 81 85 89 
[8, -2, 7, -4, 5, 6, 8, -1, 0]--- 10 points removed --- 1 16 17 64 65 80 81 85 88 89 
[3, -2, -4, -6, -2, -2, -3, -1, 16]--- 10 points removed --- 62 63 118 119 122 123 125 126 127 255 
[-2, 3, -2, 5, 4, 5, -1, 5, 0]--- 10 points removed --- 2 32 34 128 130 160 162 170 224 226 
[-3, 2, -5, -2, -1, -4, -2, -3, 16]--- 10 points removed --- 63 167 175 181 183 189 190 191 247 255 
[1, 3, -3, 3, 8, -2, 3, 2, 1]--- 10 points removed --- 4 32 36 37 38 52 100 160 164 165 
[2, 5, -3, -5, 2, 5, 4, -1, 4]--- 10 points removed --- 16 17 48 49 51 56 57 176 177 185 
[-4, -4, -1, -4, 2, -1, 2, 4, 10]--- 10 points removed --- 208 212 214 220 240 242 244 246 248 252 
[-2, 1, -3, -1, -1, -3, -2, -2, 11]--- 10 points removed --- 63 167 175 183 189 190 191 239 247 255 
[2, 5, -4, 5, 8, -5, 5, 1, 3]--- 10 points removed --- 4 5 32 36 37 38 52 100 164 165 
[-8, -8, 7, -1, 2, -6, 7, 6, 15]--- 10 points removed --- 192 196 197 204 208 212 213 214 220 244 
[-4, 5, 3, 2, 5, 5, -1, 2, 0]--- 10 points removed --- 2 128 129 130 131 144 146 147 160 162 
[5, 3, -2, 5, 4, -2, -1, 5, 0]--- 10 points removed --- 2 4 6 32 34 36 38 46 100 102 
[8, 3, -5, -2, -1, 8, 4, 2, 3]--- 10 points removed --- 32 40 41 48 49 56 57 58 112 120 
[5, 4, -1, 5, 3, -2, -2, 5, 0]--- 10 points removed --- 2 4 6 14 32 34 36 38 46 102 
[-5, 4, -3, -1, 2, -5, -2, -5, 16]--- 10 points removed --- 135 151 165 167 175 181 183 189 191 247 
[6, -3, 1, -4, -6, 8, -2, 2, 10]--- 10 points removed --- 26 58 74 88 89 90 91 120 122 123 
[8, -1, -4, -8, -8, 5, -3, 7, 16]--- 10 points removed --- 26 56 58 62 88 90 120 122 123 126 
[-2, -4, -5, 8, -7, 1, 2, -3, 16]--- 10 points removed --- 105 107 109 169 232 233 235 236 237 239 
[6, 8, 4, -3, 8, 8, -1, -3, 0]--- 10 points removed --- 1 2 3 16 17 18 19 49 51 147 
[2, -3, -8, 8, -5, 3, 4, -7, 16]--- 10 points removed --- 41 45 97 105 107 109 169 233 235 237 
[7, -1, 8, 7, -2, -8, 6, 6, 3]--- 10 points removed --- 4 12 13 14 68 76 77 78 92 204 
[4, 1, 2, 3, -3, -3, 3, -2, 4]--- 10 points removed --- 5 9 12 13 15 29 45 76 77 109 
[1, -3, 4, 2, -2, -4, 3, 2, 5]--- 10 points removed --- 12 68 76 77 78 92 196 204 205 220 
[8, -7, 4, -6, -8, 8, -3, 1, 16]--- 10 points removed --- 26 74 75 88 89 90 91 120 122 123 
[8, -2, -1, -8, -8, 7, -5, 6, 16]--- 10 points removed --- 26 56 58 88 90 91 120 122 123 126 
[3, -2, 3, -2, 2, 4, 4, 1, 0]--- 10 points removed --- 16 17 64 65 80 81 88 89 112 208 
[2, 3, 1, 3, 3, 2, -6, 3, 2]--- 10 points removed --- 2 3 6 10 18 34 38 66 130 162 
[4, 2, 2, -8, 8, 8, 3, 1, 3]--- 10 points removed --- 16 17 18 19 48 49 80 81 112 144 
[5, -3, 8, 7, -2, -8, 6, 6, 5]--- 9 points removed --- 4 12 68 76 77 78 92 196 204 
[1, -7, -2, 2, -1, 7, -1, -8, 16]--- 9 points removed --- 75 97 99 105 107 123 227 233 235 
[-3, 3, 1, 2, 8, -3, -2, -4, 8]--- 9 points removed --- 7 131 133 135 151 165 167 183 199 
[3, -5, -4, -2, 3, -5, -5, 1, 16]--- 9 points removed --- 86 102 103 118 119 126 127 246 247 
[3, -2, -2, 3, 8, 1, 4, 3, 0]--- 9 points removed --- 32 36 64 68 96 97 100 112 224 
[-5, 5, -2, 1, 3, -5, -2, -7, 16]--- 9 points removed --- 133 135 151 165 167 175 181 183 191 
[-3, -1, 2, -3, -3, -4, 2, 4, 10]--- 9 points removed --- 92 156 158 188 204 212 220 222 252 
[-3, -5, -5, -2, -1, 2, 5, 5, 11]--- 9 points removed --- 112 120 224 232 236 240 244 248 252 
[-3, 5, 8, -7, 4, -2, -8, 4, 13]--- 9 points removed --- 18 22 146 147 150 151 154 158 214 
[-3, -7, 2, 8, -4, -7, 8, -1, 16]--- 9 points removed --- 76 77 109 196 197 204 205 236 237 
[3, 3, -2, 2, -4, 3, 4, -1, 3]--- 9 points removed --- 8 9 40 41 45 56 57 105 169 
[-7, -8, -3, 3, -4, 2, 8, 3, 16]--- 9 points removed --- 200 204 224 232 233 236 237 248 252 
[2, -3, -4, -4, -1, -3, -3, -2, 16]--- 9 points removed --- 63 118 119 123 125 126 127 247 255 
[-4, -3, 4, -4, -2, -8, 1, 8, 16]--- 9 points removed --- 92 156 158 204 212 214 220 222 252 
[-6, -4, -1, -4, -2, -5, 6, 6, 16]--- 9 points removed --- 156 188 204 212 220 236 244 248 252 
[-4, 2, 3, -3, -1, -2, -3, 4, 9]--- 9 points removed --- 142 146 150 154 156 158 190 214 222 
[5, -1, -2, 5, 5, -2, 3, 5, 0]--- 9 points removed --- 4 32 36 38 64 68 96 100 102 
[2, -2, 4, 3, -3, -4, 3, 1, 5]--- 9 points removed --- 12 13 68 76 77 78 92 204 205 
[-1, -1, -2, -2, -1, -6, -3, -3, 16]--- 9 points removed --- 63 119 127 183 191 223 239 247 255 
[2, 8, -1, 5, 3, -5, 8, -2, 3]--- 9 points removed --- 4 5 13 36 37 45 133 164 165 
[2, 1, -3, 3, -4, 2, 4, -3, 6]--- 9 points removed --- 9 40 41 45 57 105 109 169 233 
[-3, 3, -5, -3, -2, -4, -1, -2, 16]--- 9 points removed --- 63 175 181 183 188 189 190 191 255 
[2, -2, -2, -8, -1, 4, 3, 8, 9]--- 9 points removed --- 48 56 80 88 112 120 122 240 248 
[3, 3, -1, 3, -4, 2, 4, -2, 3]--- 9 points removed --- 8 9 13 40 41 45 57 105 169 
[-1, 2, -4, -3, -3, -4, -3, -2, 16]--- 9 points removed --- 62 63 127 175 183 189 190 191 255 
[5, 2, -1, 5, -3, -2, 5, -8, 9]--- 9 points removed --- 5 9 13 37 41 45 77 105 109 
[2, 7, -7, 1, -8, 7, 8, -6, 13]--- 9 points removed --- 9 40 41 45 56 57 105 169 185 
[-6, 4, 2, -5, -5, -5, -1, 6, 16]--- 9 points removed --- 142 150 154 156 158 188 190 220 222 
[-4, 2, -3, -2, 1, -5, -2, -4, 16]--- 9 points removed --- 151 167 175 181 183 189 191 247 255 
[-8, -4, 2, -2, 3, -1, 3, 3, 11]--- 9 points removed --- 192 196 208 212 213 214 220 240 244 
[-3, 3, 2, 1, 4, -2, -3, -4, 8]--- 9 points removed --- 7 131 133 135 147 151 167 183 199 
[4, -5, 3, -5, 2, 6, 6, 3, 4]--- 9 points removed --- 16 64 80 81 88 89 112 120 208 
[-2, 3, -5, -3, -3, -4, -2, -1, 16]--- 9 points removed --- 62 63 175 183 188 189 190 191 255 
[2, -1, -4, -4, -3, -3, -3, -2, 16]--- 9 points removed --- 62 63 119 123 125 126 127 191 255 
[3, 2, -2, 3, -8, 1, 8, -3, 9]--- 9 points removed --- 9 13 40 41 45 57 105 109 169 
[1, 2, -4, 3, -8, 4, 8, -4, 11]--- 9 points removed --- 9 40 41 45 57 105 169 185 233 
[-5, -8, 4, 5, -4, -3, 8, 5, 12]--- 9 points removed --- 76 192 196 200 204 205 220 232 236 
[-2, -4, -3, 4, -8, -1, 2, -2, 16]--- 9 points removed --- 105 109 205 232 233 235 236 237 239 
[-4, 1, 3, -3, -2, -3, -2, 4, 10]--- 9 points removed --- 142 150 154 156 158 190 214 220 222 
[2, -6, 7, 8, 1, -7, 8, 8, 5]--- 8 points removed --- 4 12 64 68 76 100 196 204 
[2, -5, -6, 6, -4, 5, 1, -7, 16]--- 8 points removed --- 41 97 99 105 107 109 233 235 
[-1, 8, -7, -6, -2, 7, 8, -8, 16]--- 8 points removed --- 41 49 57 153 169 177 185 189 
[-6, 1, -4, 8, -5, 3, -2, -4, 16]--- 8 points removed --- 139 169 170 171 175 233 235 239 
[8, 2, -8, -7, -5, 8, 3, 7, 12]--- 8 points removed --- 40 48 56 57 58 112 120 122 
[2, -3, -1, 4, -8, -4, 8, -5, 16]--- 8 points removed --- 13 45 77 105 109 125 205 237 
[1, -4, -2, -3, 3, -4, -4, 2, 13]--- 8 points removed --- 86 102 118 119 126 214 246 247 
[8, -3, -2, -4, -8, 2, -3, 1, 16]--- 8 points removed --- 58 90 91 120 122 123 126 127 
[-2, -1, 6, -7, 5, -7, -6, 7, 16]--- 8 points removed --- 22 86 150 158 212 214 222 246 
[1, 1, -2, -3, -3, -3, -3, -1, 12]--- 8 points removed --- 31 62 63 126 127 190 191 255 
[-6, 8, -4, 3, 7, -7, 1, -6, 16]--- 8 points removed --- 37 133 135 164 165 167 181 183 
[-1, 8, -2, 7, 8, -8, 7, -6, 9]--- 8 points removed --- 5 36 37 133 164 165 167 181 
[-7, -4, 7, 2, 3, -8, 4, -1, 15]--- 8 points removed --- 133 196 197 199 204 205 212 213 
[3, 1, -7, -3, -4, -2, -4, 2, 16]--- 8 points removed --- 46 58 62 63 122 126 127 190 
[-3, -1, 3, -3, -1, -3, -1, 2, 9]--- 8 points removed --- 150 156 158 212 214 220 222 223 
[-3, 8, -2, 4, 6, -8, 3, -5, 12]--- 8 points removed --- 5 37 133 135 164 165 167 181 
[-3, -5, -1, -5, 8, -4, -3, 4, 16]--- 8 points removed --- 86 118 212 214 242 244 246 247 
[8, 3, 4, 8, 4, -8, 5, 7, 0]--- 8 points removed --- 4 5 6 12 36 68 76 100 
[-2, 2, -4, -4, 3, 3, 4, -1, 7]--- 8 points removed --- 48 49 176 177 181 185 240 241 
[2, 3, 3, -4, 7, 4, 1, 2, 0]--- 8 points removed --- 16 17 18 19 48 80 144 146 
[-2, 3, -8, -7, 1, 2, 8, -3, 16]--- 8 points removed --- 49 57 176 177 181 185 189 241 
[2, 7, 7, -6, -1, 8, -8, 8, 7]--- 8 points removed --- 2 10 18 26 58 90 146 154 
[-7, -6, -5, 1, -2, 4, 8, 5, 14]--- 8 points removed --- 200 224 232 233 236 240 248 252 
[-1, 3, -4, -4, 2, 3, 4, -2, 7]--- 8 points removed --- 48 49 57 176 177 181 185 241 
[-4, -5, -3, -5, 8, -3, -1, 4, 16]--- 8 points removed --- 118 212 214 240 242 244 246 247 
[1, -3, -3, -2, 1, -3, -3, -1, 12]--- 8 points removed --- 103 118 119 126 127 246 247 255 
[-1, -3, -8, 8, -2, 3, -2, -4, 16]--- 8 points removed --- 99 105 107 171 227 233 235 239 
[-5, -5, -2, 3, -1, 4, 8, 4, 8]--- 8 points removed --- 192 200 224 232 233 236 240 248 
[-8, -8, -1, 7, -6, 2, 8, 7, 15]--- 8 points removed --- 192 200 204 224 232 233 236 248 
[2, 2, -4, -3, -4, -3, -4, 1, 14]--- 8 points removed --- 46 58 62 63 126 127 190 191 
[2, -3, 2, 4, 3, -1, 4, 4, 0]--- 8 points removed --- 4 64 68 76 96 100 192 196 
[1, -3, 3, 4, 2, -2, 4, 4, 1]--- 8 points removed --- 4 64 68 76 100 192 196 204 
[-2, 7, 1, 3, 4, 4, -2, 3, 0]--- 8 points removed --- 2 34 128 130 131 146 160 162 
[-3, 2, 4, -4, 1, -2, -4, 3, 9]--- 8 points removed --- 22 146 150 151 154 158 214 222 
[4, -2, -4, -4, -3, -1, -6, 1, 16]--- 8 points removed --- 58 62 63 118 122 123 126 127 
[-1, -6, -2, 8, -5, -3, 4, -4, 16]--- 8 points removed --- 77 105 109 205 233 236 237 239 
[-3, 4, 8, -8, 5, -4, -8, 5, 15]--- 8 points removed --- 18 22 86 146 150 151 158 214 
[4, -4, 1, -8, -2, 3, 2, 3, 10]--- 8 points removed --- 80 88 89 90 92 112 120 122 
[-6, -4, -4, -3, -3, -1, 8, 8, 16]--- 8 points removed --- 188 220 232 236 240 244 248 252 
[4, -2, -3, -8, -4, 1, -3, 2, 16]--- 8 points removed --- 58 62 90 120 122 123 126 127 
[2, -2, -3, 3, -4, -1, 4, -4, 10]--- 8 points removed --- 41 45 77 105 109 125 233 237 
[3, 8, -1, -8, 3, 8, 2, -2, 7]--- 8 points removed --- 16 17 19 48 49 51 57 177 
[3, -1, 2, 8, 2, -3, 8, 8, 0]--- 8 points removed --- 4 12 36 64 68 76 100 196 
[4, -2, 3, -1, -4, 8, -3, 2, 6]--- 8 points removed --- 10 26 74 75 88 90 91 122 
[-2, 4, -3, -3, -1, 2, 4, -4, 9]--- 8 points removed --- 49 57 153 169 177 181 185 189 
[-3, -3, 2, -4, 2, -4, -1, 4, 11]--- 8 points removed --- 86 150 212 214 220 222 244 246 
[8, -1, 2, -6, -8, 8, -7, 7, 14]--- 8 points removed --- 10 26 58 74 88 90 91 122 
[7, -7, -1, -8, -2, 8, 6, 8, 10]--- 8 points removed --- 56 80 88 90 112 120 122 248 
[4, -1, -3, 4, -7, -3, 5, -7, 16]--- 8 points removed --- 13 41 45 77 105 109 125 237 
[-4, -3, -2, -1, -3, -2, 8, 4, 11]--- 8 points removed --- 188 204 220 232 236 244 248 252 
[-4, -6, -2, 8, -5, -3, 4, -1, 16]--- 8 points removed --- 109 204 205 232 233 236 237 239 
[4, 1, 2, -3, -4, 5, -5, 8, 7]--- 8 points removed --- 10 18 26 58 74 90 122 154 
[3, -2, -2, -8, -3, 4, 1, 8, 11]--- 8 points removed --- 56 58 88 90 112 120 122 248 
[8, -8, 2, -8, -7, 7, 1, 6, 15]--- 8 points removed --- 80 88 89 90 91 92 120 122 
[-1, -4, -2, -4, 4, -3, -3, 2, 13]--- 8 points removed --- 86 118 119 214 242 244 246 247 
[4, -8, 3, -4, -2, 3, 2, 1, 10]--- 8 points removed --- 80 81 88 89 90 91 92 120 
[-5, 6, 6, -3, 8, 8, 2, 8, 0]--- 8 points removed --- 16 18 128 130 144 146 176 208 
[8, -8, 2, -8, -1, 7, 7, 6, 9]--- 8 points removed --- 80 81 88 89 90 92 112 120 
[-4, -3, 4, -6, 2, -6, -3, 6, 16]--- 8 points removed --- 86 150 158 212 214 220 222 246 
[-2, 1, 8, -7, 5, -6, -8, 6, 16]--- 8 points removed --- 22 86 146 150 151 158 214 222 
[-1, -2, 2, -6, 3, -8, -3, 8, 16]--- 8 points removed --- 22 86 118 150 212 214 222 246 
[1, -3, -2, 3, -4, -2, 4, -4, 11]--- 8 points removed --- 45 77 105 109 125 205 233 237 
[-2, -8, -1, 8, -4, -3, 3, -2, 16]--- 8 points removed --- 77 109 204 205 233 236 237 239 
[-8, -3, -2, -3, -1, -2, 8, 8, 15]--- 8 points removed --- 188 212 220 236 240 244 248 252 
[-2, -3, 1, -8, 3, -5, -2, 8, 16]--- 8 points removed --- 86 118 150 212 214 222 244 246 
[7, -1, -7, -8, -2, 8, 6, 8, 10]--- 8 points removed --- 48 56 58 88 112 120 122 248 
[7, -6, 1, 8, 7, -6, 8, 8, 4]--- 8 points removed --- 4 36 64 68 76 96 100 196 
[7, 4, 7, -3, -4, 8, -8, 8, 7]--- 8 points removed --- 2 10 18 26 58 74 90 154 
[2, -6, -6, 8, 1, 5, -4, -6, 16]--- 7 points removed --- 97 99 103 105 107 227 235 
[-4, 8, -6, -4, -1, -2, 2, -3, 16]--- 7 points removed --- 177 181 183 185 188 189 191 
[5, 4, -2, 2, -3, 4, 8, 1, 1]--- 7 points removed --- 8 9 32 40 41 56 57 
[4, 3, 4, -1, 2, -2, 4, -4, 3]--- 7 points removed --- 1 5 13 17 21 29 85 
[-5, -1, 4, 3, 5, 3, -5, -6, 12]--- 7 points removed --- 131 135 147 195 199 211 227 
[-4, 8, -4, -3, 1, -2, 2, -4, 13]--- 7 points removed --- 165 177 181 183 185 189 191 
[-8, -1, 8, 7, 7, -8, 1, -7, 16]--- 7 points removed --- 133 135 196 197 199 205 213 
[-2, -1, -2, -1, -2, -3, -5, -3, 16]--- 7 points removed --- 127 175 191 223 239 247 255 
[6, 7, 8, -6, 8, -1, -8, 8, 7]--- 7 points removed --- 2 6 18 22 86 146 150 
[-2, 8, -3, -4, -5, -4, -2, 1, 16]--- 7 points removed --- 62 63 158 188 189 190 191 
[8, -6, 4, 2, -7, 8, -7, -3, 16]--- 7 points removed --- 11 74 75 90 91 107 123 
[-8, 1, 1, -5, -3, -3, 1, 3, 16]--- 7 points removed --- 156 158 188 190 220 222 252 
[8, -6, 7, 1, 8, 8, 8, -2, 0]--- 7 points removed --- 1 17 64 65 80 81 97 
[4, -2, 3, 2, -4, 5, -4, -1, 7]--- 7 points removed --- 10 11 74 75 90 91 107 
[-6, -3, -8, 3, 6, 6, -1, 5, 12]--- 7 points removed --- 160 162 224 226 227 240 242 
[-2, 1, -4, 3, -4, 8, 2, -4, 10]--- 7 points removed --- 41 105 169 171 185 233 235 
[8, -5, 4, 4, 8, 8, 8, -3, 0]--- 7 points removed --- 1 64 65 80 81 96 97 
[-4, 3, -2, -4, -6, -4, 1, 2, 16]--- 7 points removed --- 156 158 188 189 190 191 252 
[3, -4, -2, 1, -3, 4, -3, -4, 12]--- 7 points removed --- 75 91 99 105 107 123 235 
[-1, 2, -7, 5, -7, 8, 6, -8, 16]--- 7 points removed --- 41 57 105 169 171 185 233 
[3, -3, 1, 8, -8, -6, 8, -4, 16]--- 7 points removed --- 13 45 76 77 109 205 237 
[4, 8, -3, 1, -2, 8, 8, 2, 1]--- 7 points removed --- 8 32 40 41 48 56 57 
[-4, 8, 3, -2, 4, -1, -4, -2, 9]--- 7 points removed --- 131 135 146 147 150 151 183 
[3, 4, -2, 8, 4, 1, -2, 4, 0]--- 7 points removed --- 2 6 32 34 36 38 162 
[4, 6, -8, -5, -1, 8, 6, -2, 10]--- 7 points removed --- 41 48 49 56 57 177 185 
[6, 8, -8, -1, -7, 8, 8, -2, 10]--- 7 points removed --- 40 41 49 56 57 169 185 
[-4, 2, -1, -4, -4, -7, 2, 3, 16]--- 7 points removed --- 156 158 188 189 190 220 252 
[1, 2, 8, -3, 8, -2, -4, 8, 5]--- 7 points removed --- 6 18 22 86 146 150 214 
[5, -2, 6, 7, -8, -8, 7, -1, 12]--- 7 points removed --- 12 13 76 77 109 204 205 
[8, 2, 8, -2, 3, -1, 8, -4, 3]--- 7 points removed --- 1 5 17 21 29 81 85 
[-3, 8, -2, -4, -4, -6, -1, 2, 16]--- 7 points removed --- 62 156 158 188 189 190 191 
[4, -7, -1, -2, -4, 3, -4, -2, 16]--- 7 points removed --- 75 90 91 107 122 123 127 
[1, 8, -6, 8, 8, 7, -6, 8, 4]--- 7 points removed --- 2 32 34 38 130 160 162 
[1, -3, 2, 4, -4, -4, 4, -2, 9]--- 7 points removed --- 13 76 77 109 204 205 237 
[4, -6, -2, -3, -4, 2, -4, -1, 16]--- 7 points removed --- 90 91 107 122 123 126 127 
[3, -1, 2, 4, -4, -4, 4, -2, 7]--- 7 points removed --- 12 13 45 76 77 109 205 
[1, 8, -4, -2, -2, 4, 8, -3, 7]--- 7 points removed --- 41 49 56 57 169 177 185 
[-5, 5, -5, -2, 3, -4, 1, -5, 16]--- 7 points removed --- 165 167 177 181 183 189 191 
[-4, 8, 2, -1, 8, -2, -4, -3, 10]--- 7 points removed --- 131 135 147 150 151 167 183 
[-4, 4, -5, -4, -2, -3, 1, -2, 16]--- 7 points removed --- 181 183 185 188 189 190 191 
[2, 4, -1, 8, 4, 2, -3, 4, 0]--- 7 points removed --- 2 6 32 34 38 130 162 
[2, 4, -3, 8, 4, 2, -1, 4, 0]--- 7 points removed --- 2 32 34 36 38 160 162 
[7, 8, -8, -6, -6, 8, 8, -1, 13]--- 7 points removed --- 40 41 48 49 56 57 185 
[6, -5, -6, 1, 6, -6, -5, 1, 16]--- 6 points removed --- 38 100 102 103 118 119 
[3, -3, -2, 3, 1, 3, 1, -2, 4]--- 6 points removed --- 65 96 97 99 105 107 
[-1, -3, -2, 3, 1, 3, -3, -2, 8]--- 6 points removed --- 99 107 195 226 227 235 
[-1, -2, -3, -3, 1, -3, -3, -2, 14]--- 6 points removed --- 119 127 183 246 247 255 
[-3, 2, -3, 1, -1, -2, -7, -3, 16]--- 6 points removed --- 167 171 175 183 191 239 
[-3, -2, -3, 2, -3, -1, -1, -3, 13]--- 6 points removed --- 175 233 235 237 239 255 
[8, -1, -5, 3, 7, -4, -2, 3, 8]--- 6 points removed --- 36 38 100 102 103 118 
[-2, -1, -3, -3, 1, -5, -3, -2, 16]--- 6 points removed --- 119 183 191 246 247 255 
[8, -8, -6, 8, 7, 8, 7, -1, 7]--- 6 points removed --- 64 65 96 97 99 105 
[-2, 0, -2, 1, -2, -1, -2, -2, 9]--- 6 points removed --- 171 175 191 235 239 255 
[-3, 1, -3, 1, -2, -2, -3, -3, 13]--- 6 points removed --- 167 171 175 191 239 255 
[-1, -2, -3, -3, 2, -3, -3, -1, 13]--- 6 points removed --- 118 119 183 246 247 255 
[-3, -1, -3, 2, -3, -1, -2, -3, 13]--- 6 points removed --- 171 175 235 237 239 255 
[-3, -1, -3, 1, -3, -2, -2, -3, 14]--- 6 points removed --- 175 191 235 237 239 255 
[-3, 1, -3, 2, -2, -1, -7, -3, 16]--- 6 points removed --- 167 171 175 191 235 239 
[8, -1, 8, 8, 1, 8, -7, 8, 0]--- 5 points removed --- 2 10 64 66 74 
[2, -1, 3, -6, 8, -1, 8, -8, 13]--- 5 points removed --- 17 21 81 85 213 
[-2, -6, 3, -1, 8, -3, 8, -1, 10]--- 5 points removed --- 85 196 197 212 213 
[1, -8, 7, -1, -7, -2, 8, 7, 15]--- 5 points removed --- 76 88 92 204 220 
[3, 8, 2, -1, -3, -3, -1, -3, 8]--- 5 points removed --- 13 15 29 31 63 
[-1, 8, 2, 8, -1, 3, -8, -8, 15]--- 5 points removed --- 3 11 131 139 171 
[-6, 5, 8, 8, -1, 8, 7, 7, 0]--- 5 points removed --- 8 128 136 192 200 
[-4, -1, 3, -1, 2, 8, -3, -3, 9]--- 5 points removed --- 131 147 195 211 219 
[8, 8, -1, 2, -1, -3, -3, 3, 5]--- 5 points removed --- 6 14 38 46 62 
[8, -5, -5, 3, 8, -4, -5, -1, 15]--- 5 points removed --- 99 102 103 118 119 
[-1, -2, 8, -2, -1, 1, -2, -2, 8]--- 4 points removed --- 91 211 219 223 
[-2, -2, 1, -2, -2, -1, -8, -1, 16]--- 4 points removed --- 219 222 223 255 
[-1, -2, 2, 2, -2, 2, -1, 2, 4]--- 3 points removed --- 74 200 202 
[-2, 2, -4, 6, -1, 2, -8, 1, 13]--- 3 points removed --- 162 170 171 
[2, -2, -2, -1, -2, -2, 1, -2, 9]--- 3 points removed --- 109 125 127 
[-1, 2, 2, 1, -2, -2, -2, 2, 5]--- 3 points removed --- 14 142 158 
