[8, 7, 4, 3, -4, 1, -2, -3, 1]--- 27 points removed --- 1 2 3 5 7 8 9 10 11 12 13 14 15 19 25 26 27 29 30 31 41 42 43 45 47 59 75 
[-4, 1, -2, -3, 8, 7, 4, 3, 1]--- 27 points removed --- 16 32 48 49 80 112 128 144 145 146 160 161 162 176 177 178 179 180 192 208 209 210 224 225 240 241 242 
[1, 6, 5, 8, 2, -6, -4, -1, 3]--- 26 points removed --- 2 3 4 5 6 7 12 13 14 15 38 39 47 70 71 131 132 133 134 135 141 142 143 166 167 199 
[-4, 1, -2, -3, 8, 6, 3, 2, 2]--- 26 points removed --- 16 48 49 112 128 144 145 146 160 161 162 176 177 178 179 180 192 208 209 210 224 225 240 241 242 243 
[-3, 1, -2, -2, 7, 6, 4, 3, 0]--- 26 points removed --- 16 32 48 49 80 96 112 128 144 145 146 160 161 162 176 177 178 180 192 208 209 224 225 240 241 242 
[2, -5, -3, -1, 1, 5, 4, 7, 2]--- 26 points removed --- 32 48 56 64 72 80 88 96 98 100 104 106 112 114 116 120 122 124 192 208 216 224 232 240 242 248 
[8, 6, 4, 3, -3, 1, -2, -2, 0]--- 26 points removed --- 1 2 3 5 6 7 8 9 10 11 12 13 14 15 19 25 26 27 29 30 31 41 42 43 47 75 
[7, 6, 3, 2, -4, 1, -2, -3, 2]--- 26 points removed --- 1 3 7 8 9 10 11 12 13 14 15 19 25 26 27 29 30 31 41 42 43 45 47 59 63 75 
[1, -3, -2, -1, 2, 5, 4, 6, 0]--- 25 points removed --- 16 32 48 56 64 72 80 88 96 98 104 112 114 116 120 160 176 192 208 216 224 232 240 242 248 
[2, 5, 4, 6, 1, -3, -2, -1, 0]--- 25 points removed --- 1 2 3 4 5 6 7 10 11 12 13 14 15 38 39 47 71 131 132 133 134 135 141 142 143 
[3, -5, -2, -1, 2, 5, 6, 8, 0]--- 25 points removed --- 16 32 48 56 64 72 80 84 88 96 98 100 104 112 114 116 120 124 192 208 216 224 232 240 248 
[6, 8, 5, 4, -3, -1, 1, -4, 0]--- 25 points removed --- 1 3 4 5 7 8 9 10 11 12 13 14 15 21 25 27 29 31 41 43 45 47 137 141 143 
[1, -4, -2, -2, 3, 7, 6, 8, 0]--- 25 points removed --- 16 32 48 56 64 72 80 88 96 104 112 114 116 120 144 160 176 192 208 216 224 232 240 242 248 
[3, 7, 6, 8, 1, -4, -2, -2, 0]--- 25 points removed --- 1 2 3 4 5 6 7 9 10 11 12 13 14 15 39 47 71 131 132 133 134 135 141 142 143 
[-3, -1, 1, -4, 6, 8, 5, 4, 0]--- 25 points removed --- 16 48 64 80 81 112 128 144 145 146 152 160 176 177 178 192 208 209 210 216 224 240 241 242 248 
[8, 6, 4, 4, -4, 2, -1, -3, 0]--- 25 points removed --- 1 2 3 5 7 8 9 10 11 12 13 14 15 25 26 27 29 31 41 42 43 45 47 73 75 
[6, 8, 4, 5, -4, -1, 1, -3, 0]--- 25 points removed --- 1 3 4 5 7 8 9 10 11 12 13 14 15 25 27 29 31 41 43 44 45 47 137 141 143 
[-4, 2, -1, -4, 8, 6, 4, 3, 1]--- 25 points removed --- 16 48 49 80 112 128 144 145 146 148 160 161 176 177 178 179 180 192 208 209 210 224 240 241 242 
[2, -4, -3, -1, 3, 6, 5, 8, 0]--- 25 points removed --- 16 32 48 56 64 72 80 88 96 98 100 104 112 114 116 120 160 176 192 208 224 232 240 242 248 
[-4, -1, 1, -3, 6, 8, 4, 5, 0]--- 25 points removed --- 16 48 64 80 112 128 144 145 146 152 160 176 177 178 192 194 208 209 210 216 224 240 241 242 248 
[-4, 2, -1, -3, 8, 6, 4, 4, 0]--- 25 points removed --- 16 32 48 80 112 128 144 145 146 148 160 161 162 176 177 178 180 192 208 209 210 224 240 241 242 
[8, 6, 4, 3, -4, 2, -1, -4, 1]--- 25 points removed --- 1 3 5 7 8 9 10 11 12 13 14 15 19 25 26 27 29 31 41 43 45 47 59 73 75 
[2, 5, 6, 8, 3, -4, -2, -2, 0]--- 25 points removed --- 1 2 3 4 5 6 7 11 12 13 14 15 39 69 70 71 131 132 133 134 135 141 142 143 199 
[3, -5, -2, -2, 1, 5, 6, 8, 1]--- 25 points removed --- 16 32 48 56 64 72 80 84 88 96 100 104 112 114 116 120 122 124 192 208 216 224 232 240 248 
[2, 5, 6, 8, 3, -5, -2, -1, 0]--- 25 points removed --- 1 2 3 4 5 6 7 12 13 14 15 38 39 69 70 71 131 132 133 134 135 141 142 143 199 
[1, 6, 5, 8, 2, -5, -3, -2, 2]--- 25 points removed --- 2 3 4 5 6 7 11 12 13 14 15 38 39 47 71 131 132 133 134 135 141 142 143 167 199 
[3, -4, -2, -2, 2, 5, 6, 8, 0]--- 25 points removed --- 16 32 48 56 64 72 80 84 88 96 100 104 112 114 116 120 124 176 192 208 216 224 232 240 248 
[2, -5, -3, -2, 1, 6, 5, 8, 2]--- 25 points removed --- 32 48 56 64 72 80 88 96 98 104 112 114 116 120 122 124 176 192 208 216 224 232 240 242 248 
[3, 6, 5, 8, 2, -4, -3, -1, 0]--- 25 points removed --- 1 2 3 4 5 6 7 10 11 12 13 14 15 38 39 47 70 71 131 132 133 134 135 142 143 
[1, 5, 6, 8, 3, -5, -2, -2, 1]--- 25 points removed --- 1 2 3 4 5 6 7 12 13 14 15 39 69 70 71 131 132 133 134 135 141 142 143 167 199 
[2, -4, -3, -2, 2, 6, 5, 8, 1]--- 25 points removed --- 16 32 48 56 64 72 80 88 96 98 104 112 114 116 120 122 176 192 208 216 224 232 240 242 248 
[2, -5, -3, -1, 2, 6, 5, 8, 1]--- 25 points removed --- 32 48 56 64 72 80 88 96 98 100 104 112 114 116 120 122 176 192 208 216 224 232 240 242 248 
[2, 6, 5, 8, 2, -4, -3, -2, 1]--- 25 points removed --- 1 2 3 4 5 6 7 11 12 13 14 15 38 39 47 71 131 132 133 134 135 141 142 143 167 
[2, 6, 5, 8, 2, -5, -3, -1, 1]--- 25 points removed --- 2 3 4 5 6 7 11 12 13 14 15 38 39 47 70 71 131 132 133 134 135 141 142 143 167 
[-2, -1, -1, -4, 7, 8, 5, 6, 0]--- 24 points removed --- 16 32 48 64 80 96 112 114 128 144 146 160 176 177 178 192 208 209 210 224 240 241 242 248 
[2, 5, 5, 8, 3, -4, -3, -2, 1]--- 24 points removed --- 1 2 3 4 5 6 7 11 13 14 15 38 39 70 71 131 132 133 134 135 142 143 167 199 
[7, 5, 3, 1, -4, 2, -3, -3, 3]--- 24 points removed --- 3 7 8 9 10 11 13 14 15 19 25 26 27 29 30 31 41 42 43 47 59 63 75 91 
[-2, -1, 0, -2, 4, 5, 3, 3, 0]--- 24 points removed --- 16 48 64 80 96 112 128 144 145 146 160 176 177 178 192 208 209 210 216 224 240 241 242 248 
[4, 8, 3, 3, -2, -1, 0, -2, 0]--- 24 points removed --- 1 3 4 5 6 7 8 9 10 11 12 13 14 15 25 27 29 31 41 43 45 47 141 143 
[8, 8, 5, 4, -4, 0, -2, -3, 1]--- 24 points removed --- 1 2 3 5 6 7 8 9 10 11 12 13 14 15 25 26 27 29 30 31 41 43 45 47 
[-2, -2, 1, -3, 4, 8, 5, 4, 0]--- 24 points removed --- 16 48 64 80 81 88 96 112 128 144 145 152 160 176 192 208 209 210 216 224 240 241 242 248 
[4, 7, 5, 8, 1, -3, -3, -2, 0]--- 24 points removed --- 1 2 3 4 5 6 7 9 10 11 12 13 14 15 38 39 47 71 131 133 134 135 142 143 
[5, 8, 6, 5, -2, -2, 1, -4, 0]--- 24 points removed --- 1 3 4 5 6 7 8 9 10 11 12 13 14 15 21 25 29 31 45 47 133 137 141 143 
[-4, 2, -3, -3, 8, 5, 3, 1, 3]--- 24 points removed --- 48 49 112 128 144 145 146 160 161 162 176 177 178 179 180 181 208 209 224 225 240 241 242 243 
[7, 7, 4, 2, -5, 0, -1, -4, 3]--- 24 points removed --- 1 3 5 7 8 9 10 11 12 13 14 15 25 26 27 29 30 31 41 43 45 47 59 63 
[-1, -3, -1, -2, 4, 7, 5, 6, 0]--- 24 points removed --- 16 32 48 64 80 88 96 112 114 120 128 144 160 176 192 208 210 216 224 232 240 241 242 248 
[1, 5, 5, 8, 2, -4, -2, -2, 1]--- 24 points removed --- 1 2 3 4 5 6 7 11 12 13 14 15 39 71 131 132 133 134 135 141 142 143 167 199 
[5, 8, 6, 7, -1, -4, -1, -2, 0]--- 24 points removed --- 1 2 3 4 5 6 7 8 9 10 11 12 13 14 15 31 39 45 47 133 135 141 142 143 
[2, 5, 5, 8, 2, -4, -2, -1, 0]--- 24 points removed --- 1 2 3 4 5 6 7 11 12 13 14 15 38 39 70 71 131 132 133 134 135 141 142 143 
[3, -4, -3, -2, 2, 5, 5, 8, 1]--- 24 points removed --- 16 32 48 56 64 72 80 88 96 98 100 104 112 114 116 120 122 124 176 208 224 232 240 248 
[1, -3, -3, -2, 4, 7, 5, 8, 0]--- 24 points removed --- 16 32 48 56 64 80 88 96 98 104 112 114 116 120 144 160 176 192 208 224 232 240 242 248 
[-3, 2, -1, -3, 7, 5, 4, 3, 0]--- 24 points removed --- 16 32 48 49 80 112 128 144 145 146 148 160 161 176 177 178 180 192 208 209 224 240 241 242 
[4, -7, -3, -2, -1, 7, 5, 8, 4]--- 24 points removed --- 48 56 64 72 80 88 90 96 98 104 106 112 114 116 120 121 122 124 208 216 224 232 240 248 
[-5, 0, -1, -4, 7, 8, 4, 2, 3]--- 24 points removed --- 16 48 80 112 128 144 145 146 160 161 176 177 178 179 192 208 209 210 224 225 240 241 242 243 
[-3, 0, -1, -2, 6, 8, 4, 3, 0]--- 24 points removed --- 16 32 48 80 96 112 128 144 145 146 160 161 176 177 178 192 208 209 210 224 225 240 241 242 
[-4, -1, -1, -2, 7, 8, 6, 5, 0]--- 24 points removed --- 16 32 48 64 80 96 112 128 144 145 160 176 177 178 192 208 209 210 224 225 240 241 242 248 
[-1, 7, 5, 8, 4, -7, -3, -2, 4]--- 24 points removed --- 3 4 5 6 7 13 14 15 38 39 71 131 132 133 134 135 141 142 143 151 165 166 167 199 
[8, 5, 4, 3, -3, 2, -1, -3, 0]--- 24 points removed --- 1 2 3 5 7 8 9 10 11 12 13 14 15 19 25 26 27 29 31 41 43 47 73 75 
[7, 8, 5, 5, -3, -1, -1, -3, 0]--- 24 points removed --- 1 2 3 4 5 6 7 8 9 10 11 12 13 14 15 25 27 29 31 41 43 45 47 143 
[6, 8, 4, 5, -2, -1, -1, -3, 0]--- 24 points removed --- 1 2 3 4 5 6 7 8 9 10 11 12 13 14 15 27 29 31 39 41 43 45 47 143 
[6, 8, 5, 4, -3, -1, -1, -2, 0]--- 24 points removed --- 1 2 3 4 5 6 7 8 9 10 11 12 13 14 15 25 27 29 30 31 43 45 47 143 
[8, 5, 3, 3, -4, 2, -1, -3, 1]--- 24 points removed --- 1 3 7 8 9 10 11 12 13 14 15 25 26 27 29 31 41 42 43 45 47 59 73 75 
[-4, 2, -1, -3, 7, 5, 3, 3, 1]--- 24 points removed --- 16 48 112 128 144 145 146 148 160 161 162 176 177 178 179 180 192 208 209 210 224 240 241 242 
[-3, -1, -1, -3, 7, 8, 5, 5, 0]--- 24 points removed --- 16 32 48 64 80 96 112 128 144 145 146 160 176 177 178 192 208 209 210 224 240 241 242 248 
[2, -4, -2, -1, 2, 5, 5, 8, 0]--- 24 points removed --- 16 32 48 56 64 72 80 88 96 98 100 104 112 114 116 120 176 192 208 216 224 232 240 248 
[2, -4, -2, -2, 1, 5, 5, 8, 1]--- 24 points removed --- 16 32 48 56 64 72 80 88 96 104 112 114 116 120 122 124 176 192 208 216 224 232 240 248 
[6, 8, 5, 6, -2, -2, -1, -3, 0]--- 23 points removed --- 1 2 3 4 5 6 7 8 9 10 11 12 13 14 15 29 31 39 43 45 47 141 143 
[3, -4, -4, -2, 2, 5, 4, 8, 2]--- 23 points removed --- 32 48 56 64 80 88 96 98 100 104 112 114 116 120 122 124 176 208 224 232 240 242 248 
[-3, -1, -1, -4, 7, 8, 4, 5, 1]--- 23 points removed --- 16 48 80 96 112 114 128 144 145 146 160 176 177 178 192 208 209 210 224 240 241 242 248 
[-2, -3, -1, -2, 5, 8, 6, 6, 0]--- 23 points removed --- 16 32 48 64 80 96 112 120 128 144 160 176 192 208 209 210 216 224 232 240 241 242 248 
[2, -4, -1, -3, 3, 6, 7, 8, 0]--- 23 points removed --- 16 32 48 56 64 72 80 84 88 96 104 112 114 116 120 144 176 192 208 216 224 240 248 
[-3, -2, -1, -2, 6, 8, 6, 5, 0]--- 23 points removed --- 16 32 48 64 80 96 112 128 144 160 176 177 192 208 209 210 216 224 225 240 241 242 248 
[-3, -2, 2, -4, 4, 8, 5, 4, 1]--- 23 points removed --- 16 48 64 80 81 88 112 128 144 145 146 152 176 192 208 209 210 216 224 240 241 242 248 
[-1, -4, -2, -2, 4, 8, 6, 7, 1]--- 23 points removed --- 16 32 48 64 80 88 96 104 112 114 120 144 160 176 192 208 216 224 232 240 241 242 248 
[4, -3, -3, -2, 3, 4, 5, 8, 0]--- 23 points removed --- 16 32 48 52 56 64 80 84 88 96 98 100 104 112 114 116 120 124 176 208 224 240 248 
[4, 8, 6, 7, -1, -4, -2, -2, 1]--- 23 points removed --- 1 2 3 4 5 6 7 9 10 11 12 13 14 15 31 39 47 133 134 135 141 142 143 
[-6, -1, -2, -4, 7, 8, 4, 2, 5]--- 23 points removed --- 48 112 128 144 145 146 160 161 176 177 178 179 192 208 209 210 224 225 240 241 242 243 248 
[-2, -3, 1, -4, 4, 8, 6, 5, 1]--- 23 points removed --- 16 48 64 80 81 88 96 112 120 128 144 152 176 192 208 209 210 216 224 240 241 242 248 
[4, -4, -3, -2, 2, 4, 5, 8, 1]--- 23 points removed --- 16 32 48 56 64 72 80 84 88 96 98 100 104 112 114 116 120 122 124 208 224 240 248 
[-2, -2, -1, -3, 6, 8, 5, 6, 0]--- 23 points removed --- 16 32 48 64 80 96 112 114 128 144 160 176 178 192 208 209 210 216 224 240 241 242 248 
[2, 4, 5, 8, 4, -3, -3, -3, 1]--- 23 points removed --- 1 2 3 4 5 6 7 11 13 14 15 39 67 69 70 71 131 133 134 135 143 167 199 
[6, 8, 3, 4, -4, -2, -1, -5, 4]--- 23 points removed --- 1 3 5 7 9 10 11 12 13 14 15 25 27 29 31 39 41 43 45 47 63 141 143 
[7, 8, 4, 5, -3, -1, -1, -4, 1]--- 23 points removed --- 1 3 5 6 7 8 9 10 11 12 13 14 15 25 27 29 31 39 41 43 45 47 143 
[7, 8, 4, 2, -6, -1, -2, -4, 5]--- 23 points removed --- 3 7 8 9 10 11 12 13 14 15 25 26 27 29 30 31 41 43 45 47 59 63 143 
[4, -3, -3, -3, 2, 4, 5, 8, 1]--- 23 points removed --- 16 32 48 52 56 64 80 84 88 96 100 104 112 114 116 120 122 124 176 208 224 240 248 
[-2, -4, -1, -3, 4, 8, 5, 6, 2]--- 23 points removed --- 16 48 64 80 88 96 112 114 120 144 160 176 192 208 209 210 216 224 232 240 241 242 248 
[3, 4, 5, 8, 4, -3, -3, -2, 0]--- 23 points removed --- 1 2 3 4 5 6 7 11 13 14 15 38 39 67 69 70 71 131 133 134 135 143 199 
[-3, -2, 1, -3, 5, 8, 5, 5, 0]--- 23 points removed --- 16 48 64 80 96 112 128 144 145 146 152 160 176 192 208 209 210 216 224 240 241 242 248 
[-4, -2, -1, -3, 6, 8, 5, 4, 2]--- 23 points removed --- 16 48 80 96 112 128 144 145 160 176 177 178 192 208 209 210 216 224 225 240 241 242 248 
[-4, -2, -1, -5, 6, 8, 3, 4, 4]--- 23 points removed --- 16 48 80 112 114 144 145 146 160 176 177 178 192 208 209 210 216 224 240 241 242 243 248 
[8, 7, 5, 4, -5, 2, 1, -5, 1]--- 23 points removed --- 1 3 5 7 8 9 10 11 12 13 14 15 25 27 29 31 41 43 45 47 73 75 137 
[-4, -1, -1, -5, 7, 8, 3, 4, 3]--- 23 points removed --- 16 48 80 112 114 128 144 145 146 160 176 177 178 192 208 209 210 224 240 241 242 243 248 
[6, 8, 4, 3, -5, -2, -1, -4, 4]--- 23 points removed --- 3 5 7 8 9 10 11 12 13 14 15 25 27 29 30 31 41 43 45 47 63 141 143 
[-5, 2, 1, -4, 8, 7, 5, 5, 0]--- 23 points removed --- 16 48 80 112 128 144 145 146 148 152 160 176 177 178 180 192 208 209 210 224 240 241 242 
[7, 8, 3, 4, -4, -1, -1, -5, 3]--- 23 points removed --- 1 3 5 7 8 9 10 11 12 13 14 15 25 27 29 31 39 41 43 45 47 63 143 
[2, 4, 5, 8, 4, -4, -3, -2, 1]--- 23 points removed --- 1 2 3 4 5 6 7 13 14 15 38 39 69 70 71 131 132 133 134 135 143 167 199 
[3, 6, 7, 8, 2, -4, -1, -3, 0]--- 23 points removed --- 1 2 3 4 5 6 7 9 11 12 13 14 15 39 69 71 131 132 133 134 135 141 143 
[-4, 1, 2, -4, 6, 7, 4, 4, 0]--- 23 points removed --- 16 48 80 112 128 144 145 146 148 152 160 176 177 178 192 208 209 210 216 224 240 241 242 
[-4, -1, -2, -2, 7, 8, 6, 4, 1]--- 23 points removed --- 16 32 48 80 96 112 128 144 145 160 161 176 177 178 192 208 209 224 225 240 241 242 248 
[-5, -2, -1, -4, 6, 8, 4, 3, 4]--- 23 points removed --- 48 80 112 128 144 145 146 160 176 177 178 192 208 209 210 216 224 225 240 241 242 243 248 
[-3, -2, -1, -4, 6, 8, 4, 5, 2]--- 23 points removed --- 16 48 80 96 112 114 128 144 146 160 176 177 178 192 208 209 210 216 224 240 241 242 248 
[8, 5, 4, 2, -4, 3, -2, -4, 2]--- 23 points removed --- 1 3 7 8 9 10 11 13 14 15 19 25 26 27 29 31 41 43 47 59 73 75 91 
[5, 8, 6, 6, -2, -3, -1, -2, 0]--- 23 points removed --- 1 2 3 4 5 6 7 8 9 10 11 12 13 14 15 29 31 45 47 135 141 142 143 
[7, 8, 6, 4, -4, -1, -2, -2, 1]--- 23 points removed --- 1 2 3 5 6 7 8 9 10 11 12 13 14 15 25 26 27 29 30 31 43 47 143 
[6, 8, 5, 4, -4, -2, -1, -3, 2]--- 23 points removed --- 1 3 5 6 7 8 9 10 11 12 13 14 15 25 27 29 30 31 43 45 47 141 143 
[-4, -1, -1, -3, 7, 8, 5, 4, 1]--- 23 points removed --- 16 48 80 96 112 128 144 145 146 160 176 177 178 192 208 209 210 224 225 240 241 242 248 
[-4, 3, -2, -3, 8, 5, 4, 3, 1]--- 23 points removed --- 16 32 48 49 112 128 144 145 146 148 160 161 162 176 177 178 179 180 208 224 240 241 242 
[6, 8, 6, 5, -3, -2, -1, -2, 0]--- 23 points removed --- 1 2 3 4 5 6 7 8 9 10 11 12 13 14 15 27 29 30 31 45 47 141 143 
[-5, -1, -1, -4, 7, 8, 4, 3, 3]--- 23 points removed --- 16 48 80 112 128 144 145 146 160 176 177 178 192 208 209 210 224 225 240 241 242 243 248 
[2, 5, 4, 8, 3, -4, -4, -2, 2]--- 23 points removed --- 2 3 4 5 6 7 11 13 14 15 38 39 47 70 71 131 133 134 135 142 143 167 199 
[-4, 3, -2, -4, 8, 5, 4, 2, 2]--- 23 points removed --- 16 48 49 112 128 144 145 146 148 160 161 176 177 178 179 180 181 208 209 224 240 241 242 
[4, 8, 5, 4, -3, -2, 2, -4, 1]--- 23 points removed --- 1 3 4 5 7 8 9 11 12 13 14 15 21 25 29 31 41 45 47 133 137 141 143 
[7, 8, 5, 5, -4, 1, 2, -5, 0]--- 23 points removed --- 1 3 5 7 8 9 10 11 12 13 14 15 25 27 29 31 41 43 45 47 73 137 141 
[5, 8, 5, 5, -3, -2, 1, -3, 0]--- 23 points removed --- 1 3 4 5 6 7 8 9 10 11 12 13 14 15 25 29 31 41 45 47 137 141 143 
[6, 8, 4, 5, -3, -2, -1, -4, 2]--- 23 points removed --- 1 3 5 6 7 8 9 10 11 12 13 14 15 27 29 31 39 41 43 45 47 141 143 
[7, 8, 5, 4, -4, -1, -1, -3, 1]--- 23 points removed --- 1 3 5 6 7 8 9 10 11 12 13 14 15 25 27 29 30 31 41 43 45 47 143 
[8, 5, 4, 2, -4, 3, -3, -3, 2]--- 23 points removed --- 1 2 3 7 8 9 10 11 13 14 15 19 25 26 27 31 41 42 43 47 59 75 91 
[4, 8, 6, 5, -2, -3, 1, -4, 1]--- 23 points removed --- 1 3 4 5 6 7 8 9 11 12 13 14 15 21 29 31 45 47 133 135 137 141 143 
[4, 8, 5, 6, -2, -4, -1, -3, 2]--- 23 points removed --- 1 3 4 5 6 7 9 10 11 12 13 14 15 29 31 39 45 47 133 135 141 142 143 
[8, 5, 4, 3, -4, 3, -2, -3, 1]--- 23 points removed --- 1 2 3 7 8 9 10 11 13 14 15 19 25 26 27 31 41 42 43 47 59 73 75 
[-4, 3, -3, -3, 8, 5, 4, 2, 2]--- 23 points removed --- 16 32 48 49 112 128 144 145 146 160 161 162 176 177 178 179 180 181 208 224 240 241 242 
[7, 8, 4, 3, -5, -1, -1, -4, 3]--- 23 points removed --- 1 3 5 7 8 9 10 11 12 13 14 15 25 27 29 30 31 41 43 45 47 63 143 
[2, -5, -3, 1, 3, 5, 6, 8, 0]--- 22 points removed --- 32 48 64 72 80 88 96 98 100 104 112 114 116 120 160 192 208 224 228 232 240 248 
[8, 4, 4, 2, -3, 3, -2, -3, 1]--- 22 points removed --- 1 2 3 7 8 9 10 11 13 14 15 19 25 26 27 31 41 43 59 73 75 91 
[2, -7, -3, -4, -1, 6, 7, 8, 6]--- 22 points removed --- 48 56 64 72 80 88 96 104 112 114 116 120 121 122 124 208 216 224 232 240 248 252 
[-3, -2, -2, -1, 6, 8, 7, 5, 0]--- 22 points removed --- 16 32 48 64 80 96 112 128 144 160 176 177 192 208 209 224 225 232 240 241 242 248 
[-2, -3, -2, -1, 5, 8, 7, 6, 0]--- 22 points removed --- 16 32 48 64 80 96 112 120 128 144 160 176 192 208 216 224 225 232 240 241 242 248 
[-5, -2, 2, -4, 4, 8, 3, 5, 3]--- 22 points removed --- 16 80 112 128 144 145 146 152 176 178 192 194 208 209 210 216 218 224 240 241 242 248 
[4, -3, -2, -2, 2, 3, 6, 7, 0]--- 22 points removed --- 16 32 48 52 56 64 72 80 84 88 96 100 104 112 114 116 120 124 208 224 240 248 
[3, 5, 6, 8, 2, -5, -3, 1, 0]--- 22 points removed --- 2 3 4 5 6 7 10 12 13 14 15 38 39 70 71 78 132 133 134 135 142 143 
[-4, 3, -2, -3, 7, 4, 3, 2, 2]--- 22 points removed --- 16 48 49 128 144 145 146 148 160 161 162 176 177 178 179 180 181 208 224 240 241 242 
[4, -3, -3, -2, 2, 3, 4, 7, 1]--- 22 points removed --- 16 32 48 52 56 64 80 84 88 96 98 100 104 112 114 116 120 122 124 224 240 248 
[-1, -4, -2, -1, 5, 8, 7, 7, 0]--- 22 points removed --- 16 32 48 64 80 96 104 112 120 128 144 160 176 192 208 216 224 232 240 241 242 248 
[4, 7, 6, 6, -1, -3, -2, -1, 0]--- 22 points removed --- 1 2 3 4 5 6 7 8 9 10 11 12 13 14 15 31 47 134 135 141 142 143 
[-2, -2, -1, -1, 4, 6, 5, 4, 0]--- 22 points removed --- 16 32 48 64 80 96 112 128 144 160 176 192 208 209 216 224 225 232 240 241 242 248 
[7, 4, 3, 2, -4, 3, -2, -3, 2]--- 22 points removed --- 1 3 8 9 10 11 13 14 15 19 25 26 27 31 41 42 43 47 59 73 75 91 
[-3, -3, -1, -2, 5, 8, 6, 5, 1]--- 22 points removed --- 16 48 64 80 96 112 128 144 160 176 192 208 209 210 216 224 225 232 240 241 242 248 
[-1, 5, 6, 7, 2, -6, -3, -3, 5]--- 22 points removed --- 3 4 5 6 7 13 14 15 39 71 131 132 133 134 135 141 142 143 151 167 199 207 
[8, 5, 4, 1, -4, 3, -4, -3, 3]--- 22 points removed --- 2 3 7 8 9 10 11 13 14 15 19 25 26 27 30 31 42 43 47 59 75 91 
[6, 8, 7, 5, -3, -2, -2, -1, 0]--- 22 points removed --- 1 2 3 4 5 6 7 8 9 10 11 12 13 14 15 27 29 30 31 47 142 143 
[5, 8, 5, 6, -2, -3, -1, -3, 1]--- 22 points removed --- 1 3 4 5 6 7 8 9 10 11 12 13 14 15 29 31 39 45 47 135 141 143 
[4, 8, 3, 5, -5, -2, 2, -4, 3]--- 22 points removed --- 1 5 7 8 9 11 12 13 14 15 25 29 31 41 43 44 45 47 137 141 143 173 
[-2, -3, -1, -3, 5, 8, 5, 6, 1]--- 22 points removed --- 16 48 64 80 96 112 114 120 128 144 160 176 192 208 209 210 216 224 240 241 242 248 
[2, 3, 5, 7, 4, -3, -2, -2, 0]--- 22 points removed --- 1 2 3 4 5 6 7 13 14 15 39 67 69 70 71 131 132 133 134 135 143 199 
[-2, -3, 0, -4, 5, 8, 6, 6, 1]--- 22 points removed --- 16 48 64 80 88 96 112 120 128 144 160 176 192 208 209 210 216 224 240 241 242 248 
[-3, -1, -2, -1, 6, 8, 6, 4, 0]--- 22 points removed --- 16 32 48 64 80 96 112 128 144 160 161 176 177 192 208 209 224 225 240 241 242 248 
[-1, -2, -2, -3, 6, 8, 5, 7, 0]--- 22 points removed --- 16 32 48 64 80 96 112 114 120 128 144 160 176 178 192 208 210 224 240 241 242 248 
[5, 8, 4, 5, -3, -2, 1, -2, 0]--- 22 points removed --- 1 3 4 5 6 7 8 9 10 11 12 13 14 15 29 31 41 44 45 47 141 143 
[-3, -2, 1, -2, 5, 8, 4, 5, 0]--- 22 points removed --- 16 48 64 80 96 112 128 144 146 160 176 192 194 208 209 210 216 224 240 241 242 248 
[6, 8, 5, 7, -1, -2, -2, -3, 0]--- 22 points removed --- 1 2 3 4 5 6 7 8 9 10 11 12 13 14 15 31 39 43 45 47 135 143 
[5, 8, 7, 6, -2, -3, 0, -3, 0]--- 22 points removed --- 1 3 4 5 6 7 8 9 10 11 12 13 14 15 29 31 45 47 133 135 141 143 
[6, 8, 6, 4, -3, -1, -2, -1, 0]--- 22 points removed --- 1 2 3 4 5 6 7 8 9 10 11 12 13 14 15 26 27 29 30 31 47 143 
[6, 8, 7, 6, -3, -3, -1, -1, 0]--- 22 points removed --- 1 2 3 4 5 6 7 8 9 10 11 12 13 14 15 29 30 31 47 141 142 143 
[-3, 2, -3, -2, 6, 4, 3, 1, 2]--- 22 points removed --- 32 48 49 112 128 144 145 160 161 162 176 177 178 179 180 181 208 224 225 240 241 242 
[-3, 3, -2, -3, 8, 4, 4, 2, 1]--- 22 points removed --- 16 32 48 49 112 128 144 145 146 148 160 161 176 177 178 179 180 181 208 224 240 241 
[2, 3, 4, 7, 4, -3, -3, -2, 1]--- 22 points removed --- 1 2 3 4 5 6 7 14 15 38 39 67 69 70 71 131 133 134 135 143 167 199 
[5, 8, 6, 5, -3, -3, -1, -2, 1]--- 22 points removed --- 1 3 4 5 6 7 8 9 10 11 12 13 14 15 29 30 31 45 47 141 142 143 
[5, 8, 7, 6, -2, -3, -2, -1, 0]--- 22 points removed --- 1 2 3 4 5 6 7 8 9 10 11 12 13 14 15 30 31 47 135 141 142 143 
[-2, -4, -3, -1, 4, 8, 7, 6, 2]--- 21 points removed --- 32 48 64 80 96 104 112 120 144 160 176 192 208 216 224 225 232 240 241 242 248 
[1, -5, -3, 1, 4, 6, 7, 8, 0]--- 21 points removed --- 32 48 64 72 80 96 98 100 104 112 116 120 160 176 192 208 224 228 232 240 248 
[2, -4, -4, 1, 4, 5, 6, 8, 0]--- 21 points removed --- 32 48 64 80 96 98 100 104 112 114 116 120 160 176 192 208 224 228 232 240 248 
[3, 8, 5, 7, -1, -5, -2, -3, 3]--- 21 points removed --- 3 4 5 6 7 9 11 12 13 14 15 31 39 45 47 133 134 135 141 142 143 
[-4, -2, -3, -1, 6, 8, 7, 4, 2]--- 21 points removed --- 32 48 80 96 112 128 144 160 161 176 177 192 208 209 224 225 232 240 241 242 248 
[-4, -1, -2, -5, 6, 7, 2, 3, 5]--- 21 points removed --- 48 80 112 114 144 145 146 160 176 177 178 179 208 209 210 224 240 241 242 243 248 
[-3, 4, -2, -4, 8, 4, 5, 3, 1]--- 21 points removed --- 16 32 48 49 52 112 128 144 145 146 148 160 161 176 177 178 180 181 208 240 241 
[6, 8, 7, 4, -4, -2, -3, -1, 2]--- 21 points removed --- 2 3 5 6 7 8 9 10 11 12 13 14 15 26 27 29 30 31 47 142 143 
[8, 3, 4, 1, -4, 3, -1, -4, 3]--- 21 points removed --- 1 3 8 9 10 11 13 15 19 25 26 27 29 31 41 43 59 73 75 89 91 
[-5, -1, -2, -3, 7, 8, 5, 3, 3]--- 21 points removed --- 48 80 112 128 144 145 160 161 176 177 178 192 208 209 210 224 225 240 241 242 248 
[6, 8, 4, 1, -7, -2, -3, -4, 8]--- 21 points removed --- 7 9 10 11 12 13 14 15 25 26 27 29 30 31 43 45 47 59 63 143 159 
[4, 8, 7, 6, -2, -4, -3, -1, 2]--- 21 points removed --- 2 3 4 5 6 7 9 10 11 12 13 14 15 30 31 47 134 135 141 142 143 
[-4, 5, -2, -5, 8, 3, 5, 2, 3]--- 21 points removed --- 16 48 49 52 128 144 145 146 148 149 160 161 176 177 178 179 180 181 208 240 241 
[-6, 5, -1, -6, 8, 3, 6, 1, 5]--- 21 points removed --- 16 48 49 128 144 145 146 148 149 160 161 176 177 178 179 180 181 208 209 240 241 
[-1, -5, -2, -3, 3, 8, 5, 7, 3]--- 21 points removed --- 48 64 80 88 96 104 112 114 120 144 176 192 208 210 216 224 232 240 241 242 248 
[7, 8, 5, 3, -5, -1, -2, -3, 3]--- 21 points removed --- 3 5 7 8 9 10 11 12 13 14 15 25 26 27 29 30 31 43 45 47 143 
[4, 6, 7, 8, 1, -5, -3, 1, 0]--- 21 points removed --- 2 3 4 5 6 7 10 11 12 13 14 15 38 70 71 78 132 134 135 142 143 
[8, 4, 5, 2, -3, 4, -3, -4, 2]--- 21 points removed --- 1 2 3 7 8 9 10 11 13 15 19 25 26 27 31 43 59 67 73 75 91 
[-7, -2, -3, -4, 6, 8, 4, 1, 8]--- 21 points removed --- 112 144 145 160 161 176 177 178 179 192 208 209 210 224 225 240 241 242 243 248 249 
[8, 3, 5, 2, -4, 5, -2, -5, 3]--- 21 points removed --- 1 3 8 9 10 11 13 15 19 25 26 27 31 41 43 59 67 73 75 89 91 
[-5, -1, -2, -5, 7, 8, 3, 3, 5]--- 21 points removed --- 48 80 112 144 145 146 160 176 177 178 179 192 208 209 210 224 240 241 242 243 248 
[-3, 4, -3, -4, 8, 4, 5, 2, 2]--- 21 points removed --- 16 32 48 49 52 112 128 144 145 148 160 161 176 177 178 179 180 181 208 240 241 
[8, 4, 5, 3, -3, 4, -2, -4, 1]--- 21 points removed --- 1 2 3 7 8 9 10 11 13 15 19 25 26 27 31 41 43 67 73 75 91 
[4, 5, 6, 8, 2, -4, -4, 1, 0]--- 21 points removed --- 2 3 4 5 6 7 10 11 12 13 14 15 38 39 70 71 78 134 135 142 143 
[6, 7, 2, 3, -4, -1, -2, -5, 5]--- 21 points removed --- 3 5 7 9 10 11 13 14 15 25 27 29 31 39 41 43 45 47 59 63 143 
[7, 8, 3, 3, -5, -1, -2, -5, 5]--- 21 points removed --- 3 5 7 9 10 11 12 13 14 15 25 27 29 31 41 43 45 47 59 63 143 
[-2, -3, -3, 1, 5, 7, 8, 6, 0]--- 20 points removed --- 32 48 64 80 96 104 112 128 144 160 176 192 208 224 225 228 232 240 241 248 
[3, -2, -4, -2, 4, 5, 6, 8, 0]--- 20 points removed --- 16 32 48 52 56 64 80 96 100 104 112 114 116 120 160 176 208 224 240 248 
[-2, -3, -3, 0, 4, 8, 8, 5, 1]--- 20 points removed --- 32 48 64 80 96 104 112 120 128 144 160 176 192 208 224 225 232 240 241 248 
[-6, -3, -2, -4, 5, 8, 4, 2, 7]--- 20 points removed --- 112 144 145 160 176 177 178 192 208 209 210 216 224 225 240 241 242 243 248 249 
[-2, 6, 4, 5, 3, -6, -1, -3, 5]--- 20 points removed --- 4 5 6 7 13 15 39 131 132 133 134 135 141 142 143 149 151 165 167 199 
[-3, -4, -2, -2, 4, 8, 6, 5, 3]--- 20 points removed --- 48 64 80 96 112 120 144 160 176 192 208 209 216 224 225 232 240 241 242 248 
[-4, -3, -2, -2, 5, 8, 6, 4, 3]--- 20 points removed --- 48 80 96 112 128 144 160 176 177 192 208 209 216 224 225 232 240 241 242 248 
[-2, 3, -2, -4, 8, 5, 6, 4, 0]--- 20 points removed --- 16 32 48 49 52 80 112 128 144 145 148 160 176 177 178 180 208 224 240 241 
[-3, -2, -3, 1, 6, 7, 8, 5, 0]--- 20 points removed --- 32 48 64 80 96 112 128 144 160 161 176 192 208 224 225 228 232 240 241 248 
[-2, -1, -3, 0, 5, 6, 6, 4, 0]--- 20 points removed --- 32 48 64 80 96 112 128 144 160 161 176 177 192 208 224 225 232 240 241 248 
[3, -2, -2, -4, 4, 5, 6, 8, 0]--- 20 points removed --- 16 32 48 52 56 64 80 84 88 96 112 114 116 120 144 176 208 224 240 248 
[3, 5, 5, 4, -1, -2, -2, 0, 0]--- 20 points removed --- 2 3 4 5 6 7 8 9 10 11 12 13 14 15 30 31 134 135 142 143 
[4, 5, 5, 3, -2, -1, -2, 0, 0]--- 20 points removed --- 2 3 4 5 6 7 8 9 10 11 12 13 14 15 26 27 30 31 142 143 
[-2, 3, -2, -3, 7, 4, 5, 3, 0]--- 20 points removed --- 16 32 48 49 52 112 128 144 145 148 160 161 176 177 178 180 208 224 240 241 
[3, -5, -1, -2, -2, 5, 3, 4, 4]--- 20 points removed --- 56 64 72 80 88 89 90 96 104 106 112 114 120 121 122 124 216 232 240 248 
[6, 7, 8, 5, -3, -2, -3, 1, 0]--- 20 points removed --- 2 3 4 5 6 7 8 9 10 11 12 13 14 15 26 30 31 78 142 143 
[2, -5, 1, -3, 3, 6, 8, 7, 0]--- 20 points removed --- 16 48 64 72 80 81 84 88 96 104 112 116 120 144 192 208 216 224 240 248 
[3, 6, 8, 7, 2, -5, 1, -3, 0]--- 20 points removed --- 1 3 4 5 6 7 9 12 13 14 15 21 69 71 132 133 134 135 141 143 
[1, -8, -3, -5, -2, 6, 8, 7, 9]--- 20 points removed --- 56 72 80 88 96 104 112 116 120 121 122 124 208 216 224 232 240 248 249 252 
[3, -8, -1, -5, -2, 8, 6, 7, 7]--- 20 points removed --- 56 64 72 80 88 89 90 96 104 112 114 120 121 122 124 208 216 232 240 248 
[-2, -3, -2, -4, 5, 8, 4, 6, 3]--- 20 points removed --- 16 48 80 96 112 114 120 144 160 176 178 192 208 210 216 224 240 241 242 248 
[-2, 5, 3, 4, 3, -5, -1, -2, 4]--- 20 points removed --- 4 5 6 7 15 39 131 132 133 134 135 141 142 143 149 151 165 166 167 199 
[-2, 3, -3, -3, 7, 4, 5, 2, 1]--- 20 points removed --- 16 32 48 49 52 112 128 144 145 160 161 176 177 178 180 181 208 224 240 241 
[4, 5, 6, 8, 3, -2, -2, -4, 0]--- 20 points removed --- 1 2 3 4 5 6 7 9 11 13 14 15 39 67 69 71 131 133 135 143 
[8, 5, 6, 4, -2, 3, -2, -4, 0]--- 20 points removed --- 1 2 3 5 7 8 9 10 11 13 14 15 19 25 27 31 43 67 73 75 
[5, 7, 8, 6, -2, -3, -3, 1, 0]--- 20 points removed --- 2 3 4 5 6 7 8 9 10 11 12 13 14 15 30 31 78 134 142 143 
[5, 8, 7, 4, -4, -3, -2, -2, 3]--- 20 points removed --- 3 5 6 7 8 9 10 11 12 13 14 15 27 29 30 31 47 141 142 143 
[8, 4, 6, 3, -2, 3, -2, -3, 0]--- 20 points removed --- 1 2 3 7 8 9 10 11 13 14 15 19 25 26 27 31 43 67 73 75 
[-2, 6, 8, 7, 1, -8, -5, -3, 9]--- 20 points removed --- 5 6 7 13 14 15 71 131 132 133 134 135 141 142 143 151 159 167 199 207 
[5, 8, 4, 2, -6, -3, -2, -4, 7]--- 20 points removed --- 7 9 10 11 12 13 14 15 25 27 29 30 31 43 45 47 63 141 143 159 
[5, 8, 4, 6, -2, -3, -2, -4, 3]--- 20 points removed --- 1 3 5 6 7 9 10 11 12 13 14 15 31 39 43 45 47 135 141 143 
[4, 8, 6, 5, -3, -4, -2, -2, 3]--- 20 points removed --- 3 4 5 6 7 9 10 11 12 13 14 15 29 30 31 47 135 141 142 143 
[4, 5, 6, 8, 3, -2, -4, -2, 0]--- 20 points removed --- 1 2 3 4 5 6 7 10 11 13 14 15 39 67 70 71 131 134 135 143 
[7, 4, 6, 2, -2, 3, -3, -3, 1]--- 20 points removed --- 1 2 3 7 8 9 10 11 13 14 15 19 25 26 27 31 43 67 75 91 
[-1, -4, -4, 2, 4, 6, 8, 7, 1]--- 19 points removed --- 32 48 64 80 96 100 104 112 120 160 176 192 208 224 225 228 232 240 248 
[-5, -3, -1, -4, 4, 7, 4, 2, 6]--- 19 points removed --- 80 112 144 145 176 177 192 208 209 210 216 224 225 240 241 242 243 248 249 
[-5, -4, -2, -3, 4, 8, 5, 3, 6]--- 19 points removed --- 80 112 144 160 176 177 192 208 209 210 216 224 225 232 240 241 242 248 249 
[-1, -3, -3, 1, 4, 6, 7, 6, 0]--- 19 points removed --- 32 48 64 80 96 104 112 120 128 160 176 192 208 224 225 228 232 240 248 
[-2, -4, -4, 1, 4, 7, 8, 6, 2]--- 19 points removed --- 32 48 64 80 96 104 112 120 160 176 192 208 224 225 228 232 240 241 248 
[-1, -3, -4, 2, 5, 6, 8, 7, 0]--- 19 points removed --- 32 48 64 80 96 100 104 112 128 160 176 192 208 224 225 228 232 240 248 
[8, 5, 6, 5, -2, 3, -1, -5, 0]--- 19 points removed --- 1 2 3 5 7 8 9 10 11 13 15 19 25 27 41 43 67 73 75 
[-4, -2, -4, 1, 6, 7, 8, 4, 2]--- 19 points removed --- 32 48 96 112 128 144 160 161 176 177 192 208 224 225 228 232 240 241 248 
[3, 7, 8, 6, 1, -5, 2, -4, 1]--- 19 points removed --- 1 3 4 5 6 7 9 12 13 14 15 21 29 69 132 133 135 141 143 
[4, 8, 5, 3, -5, -4, -2, -3, 6]--- 19 points removed --- 5 7 9 10 11 12 13 14 15 27 29 30 31 45 47 141 142 143 159 
[8, 6, 7, 4, -1, 3, -4, -3, 0]--- 19 points removed --- 1 2 3 6 7 8 9 10 11 13 14 15 19 26 27 31 43 67 75 
[-3, -1, -3, 1, 6, 6, 7, 4, 0]--- 19 points removed --- 32 48 64 96 112 128 144 160 161 176 177 192 208 224 225 228 232 240 241 
[-4, -5, -2, -3, 3, 8, 5, 4, 6]--- 19 points removed --- 80 96 112 120 144 176 192 208 209 210 216 224 225 232 240 241 242 248 249 
[-4, -3, 2, -5, 3, 8, 4, 5, 4]--- 19 points removed --- 16 80 88 112 144 146 152 176 192 208 209 210 216 218 224 240 241 242 248 
[-7, 4, 1, -7, 8, 5, 7, 2, 5]--- 19 points removed --- 16 48 128 144 145 146 148 149 152 160 176 177 178 180 181 208 209 240 241 
[2, -4, 1, -4, 4, 6, 8, 7, 0]--- 19 points removed --- 16 48 64 80 81 84 88 96 112 116 120 144 176 192 208 216 224 240 248 
[-4, 7, 8, 6, 2, -8, -3, -5, 10]--- 19 points removed --- 5 6 7 13 15 131 132 133 134 135 141 142 143 149 151 159 167 199 207 
[8, 5, 7, 2, -7, 4, 1, -7, 5]--- 19 points removed --- 1 3 8 9 10 11 13 15 25 27 29 31 41 43 73 75 89 91 137 
[4, 6, 8, 7, 2, -4, 1, -4, 0]--- 19 points removed --- 1 3 4 5 6 7 9 11 12 13 14 15 21 69 71 133 135 141 143 
[3, 6, 7, 6, 1, -4, 1, -3, 0]--- 19 points removed --- 1 3 4 5 6 7 9 11 12 13 14 15 21 69 132 133 135 141 143 
[2, -8, -3, -5, -4, 7, 8, 6, 10]--- 19 points removed --- 56 72 80 88 89 96 104 112 120 121 122 124 208 216 232 240 248 249 252 
[4, 8, 4, 2, -5, -3, -1, -4, 6]--- 19 points removed --- 5 7 9 11 12 13 14 15 25 27 29 30 31 45 47 63 141 143 159 
[-4, -2, 3, -5, 3, 8, 4, 5, 3]--- 19 points removed --- 16 80 88 112 128 144 145 146 152 176 192 208 209 210 216 218 240 242 248 
[-4, 8, 7, 6, 3, -8, -2, -5, 9]--- 19 points removed --- 5 6 7 13 15 131 132 133 134 135 141 142 143 149 151 159 165 167 199 
[-2, 3, -1, -4, 8, 4, 5, 4, 0]--- 19 points removed --- 16 32 48 49 52 80 112 128 144 145 146 148 160 176 177 178 180 208 240 
[3, -2, -4, -1, 4, 4, 5, 7, 0]--- 19 points removed --- 16 32 48 52 56 64 80 96 98 100 104 112 114 116 120 160 176 224 240 
[4, 5, 7, 6, -1, -3, -3, 2, 0]--- 19 points removed --- 2 3 4 5 6 7 8 10 11 12 13 14 15 30 70 78 134 142 143 
[2, -1, -3, -3, 4, 5, 6, 7, 0]--- 19 points removed --- 16 32 48 52 56 64 80 96 112 114 116 120 144 160 176 208 224 240 248 
[4, 6, 8, 7, -1, -4, -4, 2, 1]--- 19 points removed --- 2 3 4 5 6 7 10 11 12 13 14 15 30 70 78 134 135 142 143 
[-1, 3, -4, -3, 8, 5, 7, 4, 0]--- 19 points removed --- 16 32 48 49 52 96 112 128 144 160 161 176 177 178 180 208 224 240 241 
[6, 7, 8, 4, -4, -2, -4, 1, 2]--- 19 points removed --- 2 3 6 7 8 9 10 11 12 13 14 15 26 27 30 31 78 142 143 
[1, -4, 2, -3, 3, 6, 7, 5, 0]--- 19 points removed --- 16 48 64 72 80 81 84 88 96 112 120 144 192 208 209 216 224 240 248 
[3, -8, -2, -5, -4, 8, 7, 6, 9]--- 19 points removed --- 56 72 80 88 89 90 96 104 112 120 121 122 124 208 216 232 240 248 249 
[1, -4, 1, -3, 3, 6, 7, 6, 0]--- 19 points removed --- 16 48 64 72 80 81 84 88 96 112 120 144 176 192 208 216 224 240 248 
[-1, 2, -4, -3, 8, 6, 7, 5, 0]--- 19 points removed --- 16 32 48 49 52 80 96 112 128 144 160 176 177 178 180 208 224 240 241 
[5, 5, 6, 8, 3, -2, -5, -1, 0]--- 19 points removed --- 1 2 3 4 5 6 7 10 11 14 15 38 39 67 70 71 131 134 135 
[5, 6, 7, 8, 2, -1, -3, -4, 0]--- 19 points removed --- 1 2 3 4 5 6 7 9 10 11 13 14 15 39 67 71 131 135 143 
[7, 7, 8, 5, -4, -1, -3, 1, 0]--- 19 points removed --- 2 3 4 6 7 8 9 10 11 12 13 14 15 26 27 30 31 78 142 
[1, -4, 2, -4, 4, 7, 8, 6, 0]--- 19 points removed --- 16 48 64 80 81 84 88 96 112 120 144 176 192 208 209 216 224 240 248 
[8, 6, 7, 5, -1, 2, -4, -3, 0]--- 19 points removed --- 1 2 3 5 6 7 8 9 10 11 13 14 15 19 27 31 43 67 75 
[3, 8, 5, 4, -4, -5, -2, -3, 6]--- 19 points removed --- 5 6 7 9 11 12 13 14 15 29 30 31 45 47 135 141 142 143 159 
[3, 8, 4, 5, -4, -2, 3, -5, 3]--- 19 points removed --- 1 5 7 8 9 11 12 13 15 25 29 41 45 47 133 137 141 143 173 
[4, 7, 8, 6, 1, -4, 2, -4, 0]--- 19 points removed --- 1 3 4 5 6 7 9 11 12 13 14 15 21 29 69 133 135 141 143 
[3, 8, 4, 5, -4, -3, 2, -5, 4]--- 19 points removed --- 1 5 7 9 11 12 13 14 15 29 31 41 45 47 133 137 141 143 173 
[5, 7, 8, 7, -1, -3, -4, 1, 0]--- 19 points removed --- 2 3 4 5 6 7 8 10 11 12 13 14 15 30 78 134 135 142 143 
[4, 7, 8, 6, -2, -4, -4, 1, 2]--- 19 points removed --- 2 3 4 5 6 7 10 11 12 13 14 15 30 31 78 134 135 142 143 
[-5, 3, 1, -2, 6, 4, 5, 5, 0]--- 18 points removed --- 16 48 128 132 144 145 146 148 152 160 176 177 178 180 192 208 224 240 
[-4, -4, -2, -2, 3, 8, 5, 3, 5]--- 18 points removed --- 80 96 112 144 160 176 192 208 209 216 224 225 232 240 241 242 248 249 
[-3, -6, -1, -5, 2, 8, 6, 5, 7]--- 18 points removed --- 80 88 112 120 144 176 192 208 209 210 216 224 232 240 241 242 248 249 
[-8, -2, -4, -3, 5, 8, 3, -1, 11]--- 18 points removed --- 145 160 161 176 177 178 179 208 209 224 225 227 240 241 242 243 248 249 
[6, 5, 8, 7, 2, 1, -4, -4, 0]--- 18 points removed --- 1 2 3 5 6 7 9 10 11 13 14 15 19 67 71 75 131 135 
[-6, 6, 1, -5, 8, 3, 6, 4, 2]--- 18 points removed --- 16 48 128 132 144 145 146 148 149 152 160 176 177 178 180 181 208 240 
[6, 4, 5, 5, -5, 3, 1, -2, 0]--- 18 points removed --- 1 3 8 9 10 11 12 13 14 15 25 27 41 43 72 73 75 137 
[3, 7, 6, 3, -4, -4, -2, -2, 5]--- 18 points removed --- 5 6 7 9 10 11 12 13 14 15 29 30 31 47 141 142 143 159 
[3, 5, 2, 8, 6, -5, -6, 1, 3]--- 18 points removed --- 2 3 4 5 6 7 14 15 34 38 39 70 71 102 134 135 166 167 
[5, -4, -5, 1, 3, 4, 2, 8, 2]--- 18 points removed --- 32 34 48 64 80 96 98 100 102 104 106 112 114 116 120 122 224 240 
[7, 5, 8, 6, 1, 2, -4, -4, 0]--- 18 points removed --- 1 2 3 5 6 7 9 10 11 13 14 15 19 27 67 71 75 131 
[-7, -1, -4, -3, 6, 7, 3, -1, 9]--- 18 points removed --- 144 145 160 161 176 177 178 179 208 209 224 225 227 240 241 242 243 249 
[2, 8, 5, 4, -3, -5, -1, -4, 6]--- 18 points removed --- 5 7 9 11 12 13 14 15 29 31 45 47 133 135 141 142 143 159 
[1, 2, -4, -4, 7, 5, 8, 6, 0]--- 18 points removed --- 16 32 48 49 52 56 80 96 112 116 144 160 176 177 180 208 224 240 
[6, 7, 3, -1, -7, -1, -4, -3, 9]--- 18 points removed --- 9 10 11 13 14 15 25 26 27 29 30 31 43 47 59 62 63 159 
[8, 3, 6, 4, -7, 6, 1, -5, 3]--- 18 points removed --- 1 3 8 9 10 11 13 15 25 27 41 43 72 73 75 89 91 137 
[-5, -4, -2, -3, 3, 7, 4, 2, 7]--- 18 points removed --- 112 144 176 177 192 208 209 210 216 224 225 232 240 241 242 243 248 249 
[-3, -4, 1, -5, 2, 8, 4, 5, 5]--- 18 points removed --- 80 88 112 120 144 152 176 192 208 209 210 216 218 224 240 241 242 248 
[5, 7, 3, -1, -8, -2, -4, -3, 11]--- 18 points removed --- 10 11 13 14 15 25 26 27 29 30 31 43 47 59 62 63 143 159 
[2, 8, 4, 5, -3, -4, 1, -5, 5]--- 18 points removed --- 5 7 9 11 12 13 14 15 29 31 45 47 133 135 137 141 143 173 
[4, 8, 6, 3, -5, -4, -3, -2, 6]--- 18 points removed --- 6 7 9 10 11 12 13 14 15 27 29 30 31 47 141 142 143 159 
[2, 1, -4, -4, 6, 5, 8, 7, 0]--- 18 points removed --- 16 32 48 49 52 56 80 96 112 116 120 144 160 176 180 208 224 240 
[3, 8, 4, 2, -5, -4, -2, -3, 7]--- 18 points removed --- 7 9 11 12 13 14 15 27 29 30 31 45 47 63 141 142 143 159 
[-5, -4, -3, -2, 4, 8, 7, 3, 6]--- 18 points removed --- 96 112 144 160 176 177 192 208 209 216 224 225 232 240 241 242 248 249 
[-7, -4, -3, -3, 4, 8, 5, 2, 9]--- 18 points removed --- 112 144 160 176 177 192 208 209 216 224 225 232 240 241 242 243 248 249 
[4, 8, 5, 2, -6, -4, -3, -3, 8]--- 18 points removed --- 7 9 10 11 12 13 14 15 27 29 30 31 47 63 141 142 143 159 
[-4, -5, -3, -2, 3, 8, 6, 4, 6]--- 18 points removed --- 80 96 112 120 160 176 192 208 209 216 224 225 232 240 241 242 248 249 
[3, 8, 6, 4, -4, -5, -3, -2, 6]--- 18 points removed --- 5 6 7 10 11 12 13 14 15 29 30 31 47 135 141 142 143 159 
[-1, -5, -2, 3, 6, 5, 8, 7, 0]--- 17 points removed --- 32 64 80 96 100 104 112 128 160 192 196 208 224 225 228 232 240 
[3, -2, -5, 1, 5, 5, 4, 8, 0]--- 17 points removed --- 32 34 48 64 80 96 98 100 104 112 114 116 120 160 176 224 240 
[1, 8, 7, 6, -2, -7, -3, -4, 8]--- 17 points removed --- 5 6 7 11 12 13 14 15 31 47 133 134 135 141 142 143 159 
[7, 6, 8, 7, -4, -3, -1, 2, 0]--- 17 points removed --- 2 4 5 6 7 8 9 10 11 12 13 14 15 30 76 78 142 
[2, 8, 5, 7, -3, -4, 2, -6, 5]--- 17 points removed --- 1 5 7 9 11 12 13 15 29 45 47 133 135 137 141 143 173 
[2, 6, 7, 4, 1, -5, 3, -4, 2]--- 17 points removed --- 1 4 5 7 9 12 13 15 21 29 69 132 133 135 141 143 149 
[6, 5, 8, 6, -2, -4, -2, 3, 0]--- 17 points removed --- 2 4 5 6 7 8 10 11 12 13 14 15 30 70 76 78 142 
[2, 8, 6, 4, -3, -5, -4, -1, 6]--- 17 points removed --- 6 7 10 11 12 13 14 15 30 31 47 134 135 141 142 143 159 
[6, 6, 5, 8, 3, -2, -6, 1, 0]--- 17 points removed --- 2 3 4 5 6 7 10 11 14 15 34 38 39 70 71 134 135 
[3, -8, -4, 1, -1, 7, 3, 8, 6]--- 17 points removed --- 64 72 80 88 96 98 104 106 112 114 120 122 224 232 234 240 248 
[-2, 8, 6, 5, 4, -8, 1, -4, 6]--- 17 points removed --- 4 5 6 7 13 15 21 132 133 134 135 141 143 149 151 165 167 
[5, 4, 8, 6, -1, -4, -2, 3, 0]--- 17 points removed --- 2 4 5 6 7 8 10 12 13 14 15 30 70 76 78 134 142 
[-1, 7, 3, 7, 3, -7, -4, 1, 5]--- 17 points removed --- 4 5 6 7 14 15 38 39 132 133 134 135 142 143 166 167 174 
[4, -8, 1, -4, -2, 8, 6, 5, 6]--- 17 points removed --- 64 72 80 81 88 89 90 96 104 112 120 121 122 208 216 240 248 
[3, -7, 2, -4, 1, 7, 8, 6, 3]--- 17 points removed --- 16 64 72 80 81 84 88 89 96 104 112 120 192 208 216 240 248 
[-2, 6, 8, 5, -1, -8, -4, -4, 11]--- 17 points removed --- 5 6 7 13 14 15 31 133 134 135 141 142 143 151 159 199 207 
[8, 2, 6, -1, -6, 6, -3, -5, 7]--- 17 points removed --- 3 9 10 11 15 19 25 26 27 31 43 59 73 75 89 90 91 
[8, 5, 6, -1, -6, 4, -6, -2, 7]--- 17 points removed --- 3 9 10 11 14 15 19 25 26 27 30 31 43 59 75 90 91 
[-6, 3, -6, -2, 8, 5, 6, -1, 7]--- 17 points removed --- 48 49 144 145 160 161 165 176 177 178 179 180 181 224 225 240 241 
[-3, -4, 2, -6, 2, 8, 5, 6, 5]--- 17 points removed --- 16 80 88 112 120 144 152 176 192 208 209 210 216 218 240 242 248 
[1, 7, 8, 6, 3, -7, 2, -4, 3]--- 17 points removed --- 1 4 5 6 7 12 13 15 21 69 132 133 134 135 141 143 149 
[-6, 6, -3, -5, 8, 2, 6, -1, 7]--- 17 points removed --- 48 49 144 145 148 149 160 161 165 176 177 178 179 180 181 240 241 
[-2, -4, -2, 3, 6, 5, 8, 6, 0]--- 17 points removed --- 32 64 80 96 100 112 128 160 176 192 196 208 224 225 228 232 240 
[-2, -7, -3, -4, 1, 8, 7, 6, 8]--- 17 points removed --- 80 88 96 104 112 120 176 192 208 216 224 232 240 241 242 248 249 
[5, 8, 7, 2, -6, -4, -5, -1, 8]--- 17 points removed --- 6 7 10 11 12 13 14 15 26 27 29 30 31 47 142 143 159 
[-3, -3, -1, 2, 6, 5, 8, 6, 0]--- 17 points removed --- 32 64 80 96 112 128 144 160 176 192 196 208 224 225 228 232 240 
[-1, -8, -4, -4, -2, 6, 8, 5, 11]--- 17 points removed --- 80 88 96 104 112 120 121 124 208 216 224 232 240 241 248 249 252 
[1, -6, 3, -5, 2, 7, 8, 5, 3]--- 17 points removed --- 16 64 72 80 81 84 88 89 112 120 144 192 208 209 216 240 248 
[2, -6, 3, -4, 2, 6, 8, 5, 2]--- 17 points removed --- 16 64 72 80 81 84 88 89 96 112 120 192 208 209 216 240 248 
[5, 8, 6, 2, -6, -3, -4, -2, 7]--- 17 points removed --- 7 9 10 11 12 13 14 15 26 27 29 30 31 47 142 143 159 
[-6, -3, -4, -2, 4, 7, 5, 1, 8]--- 17 points removed --- 112 160 161 176 177 192 208 209 224 225 232 240 241 242 243 248 249 
[2, 8, 6, 5, -3, -6, -4, -2, 7]--- 17 points removed --- 5 6 7 11 12 13 14 15 30 31 47 134 135 141 142 143 159 
[-3, -6, -4, -2, 2, 8, 6, 5, 7]--- 17 points removed --- 80 96 104 112 120 176 192 208 216 224 225 232 240 241 242 248 249 
[2, 7, 8, 5, 2, -6, 3, -4, 2]--- 17 points removed --- 1 4 5 6 7 12 13 15 21 29 69 132 133 135 141 143 149 
[-5, -3, -4, -1, 4, 8, 6, 2, 6]--- 17 points removed --- 96 112 160 161 176 177 192 208 209 224 225 232 240 241 242 248 249 
[-6, -3, -4, -2, 5, 8, 7, 2, 7]--- 17 points removed --- 112 144 160 161 176 177 192 208 209 224 225 232 240 241 242 248 249 
[4, 7, 5, 1, -6, -3, -4, -2, 8]--- 17 points removed --- 7 10 11 12 13 14 15 26 27 29 30 31 47 63 142 143 159 
[-3, -5, -4, -1, 2, 7, 6, 4, 6]--- 17 points removed --- 96 104 112 120 160 176 192 208 216 224 225 232 240 241 242 248 249 
[2, 8, 6, 5, -3, -6, -2, -4, 7]--- 17 points removed --- 5 6 7 11 12 13 14 15 29 31 47 133 135 141 142 143 159 
[-3, -6, -2, -4, 2, 8, 6, 5, 7]--- 17 points removed --- 80 88 96 112 120 176 192 208 209 216 224 232 240 241 242 248 249 
[-1, -6, -6, 3, 2, 5, 8, 7, 5]--- 16 points removed --- 32 64 96 100 104 112 120 160 192 224 225 228 232 236 240 248 
[5, -8, 2, -3, -2, 8, 6, 4, 5]--- 16 points removed --- 64 72 73 80 81 88 89 90 96 104 112 120 121 208 216 248 
[5, 3, 4, 8, 4, -5, -5, 2, 2]--- 16 points removed --- 2 3 4 5 6 7 14 15 38 39 70 71 78 102 134 135 
[4, -8, 1, -2, -2, 6, 4, 3, 6]--- 16 points removed --- 64 72 73 80 81 88 89 90 96 104 112 120 121 122 216 248 
[-2, 8, 6, 4, 5, -8, 2, -3, 5]--- 16 points removed --- 4 5 6 7 13 21 132 133 134 135 141 143 148 149 151 165 
[5, 1, 6, 3, -6, 6, 2, -4, 3]--- 16 points removed --- 1 8 9 10 11 13 25 27 41 72 73 75 89 91 137 201 
[-3, 8, 5, 4, 6, -8, 1, -3, 6]--- 16 points removed --- 4 5 6 7 21 132 133 134 135 141 143 148 149 151 165 167 
[2, 4, 8, 6, -1, -5, -5, 3, 4]--- 16 points removed --- 2 4 6 7 10 12 14 15 30 70 78 134 135 142 143 206 
[4, -5, -5, 1, 5, 3, 4, 8, 2]--- 16 points removed --- 32 48 64 80 96 98 100 102 104 112 114 116 120 224 228 240 
[-8, 8, 3, -5, 7, 1, 8, 4, 4]--- 16 points removed --- 16 128 132 144 145 146 148 149 152 156 160 176 177 180 181 208 
[6, -8, 2, -3, -3, 8, 4, 2, 7]--- 15 points removed --- 64 72 73 80 81 88 89 90 91 104 112 120 121 122 216 
[-4, 8, 5, 6, 2, -8, 1, -6, 10]--- 15 points removed --- 5 7 13 15 132 133 134 135 141 143 149 151 165 167 173 
[-1, -4, -3, 4, 3, 2, 6, 5, 2]--- 15 points removed --- 32 64 96 100 104 112 160 192 196 224 225 228 232 236 240 
[8, 7, -1, 4, -6, -2, -4, -8, 13]--- 15 points removed --- 7 9 11 13 15 27 31 39 41 43 45 47 59 63 111 
[-4, 8, 4, 3, 5, -8, 1, -4, 8]--- 15 points removed --- 5 7 21 132 133 134 135 141 143 148 149 151 165 167 181 
[-3, 5, 8, 6, -1, -8, -6, -2, 12]--- 15 points removed --- 6 7 14 15 133 134 135 141 142 143 151 159 199 206 207 
[-2, 3, -5, 1, 7, 8, 4, 5, 0]--- 15 points removed --- 32 34 48 96 112 128 144 160 161 162 176 177 178 224 240 
[2, -8, 1, -6, -3, 8, 5, 6, 9]--- 15 points removed --- 72 80 88 89 90 104 112 120 121 122 208 216 218 240 248 
[-6, -2, -4, -8, 8, 7, -1, 4, 13]--- 15 points removed --- 112 114 144 146 176 177 178 179 208 210 240 241 242 243 246 
[7, 7, 4, 5, -2, 3, -5, 1, 0]--- 15 points removed --- 2 3 6 7 8 9 10 11 14 15 26 27 34 42 43 
[-3, 8, 4, 2, 5, -8, 2, -3, 7]--- 15 points removed --- 4 5 7 21 132 133 134 135 141 148 149 151 165 167 181 
[8, 6, 7, 8, -4, -4, 1, 2, 0]--- 15 points removed --- 4 5 6 7 8 9 10 11 12 13 14 15 44 76 78 
[-4, -4, 1, 2, 8, 6, 7, 8, 0]--- 15 points removed --- 64 80 96 112 128 144 160 176 192 194 196 208 224 228 240 
[4, 3, 8, 7, -1, -6, -4, 5, 3]--- 15 points removed --- 2 4 6 7 10 12 14 15 30 70 76 78 134 142 206 
[5, -8, 1, -4, -4, 8, 4, 3, 8]--- 15 points removed --- 72 73 80 81 88 89 90 91 104 112 120 121 122 216 248 
[-1, -8, -6, -2, -4, 5, 8, 6, 13]--- 15 points removed --- 88 96 104 112 120 121 124 216 224 232 236 240 248 249 252 
[-4, -4, 2, 1, 8, 7, 6, 8, 0]--- 15 points removed --- 64 80 96 112 128 144 160 176 192 194 196 208 210 224 240 
[8, 7, 6, 8, -4, -4, 2, 1, 0]--- 15 points removed --- 4 5 6 7 8 9 10 11 12 13 14 15 44 45 76 
[-4, 8, 2, 3, 3, -8, 1, -4, 10]--- 14 points removed --- 5 7 132 133 134 135 141 143 149 151 165 167 173 181 
[8, 7, -1, 2, -5, -3, -6, -8, 15]--- 14 points removed --- 7 11 13 15 27 31 39 43 45 47 55 59 63 111 
[-4, 4, 1, -3, 8, -2, 4, -1, 5]--- 14 points removed --- 21 132 133 144 145 148 149 151 165 176 177 180 181 213 
[8, 5, 7, 8, -6, -2, 1, 3, 0]--- 14 points removed --- 4 6 8 9 10 11 12 13 14 15 44 72 76 78 
[5, -2, 4, -1, -4, 4, 1, -3, 5]--- 14 points removed --- 9 11 25 27 72 73 75 81 88 89 90 91 93 121 
[-4, -3, -5, -8, 8, 6, -1, 2, 14]--- 14 points removed --- 112 114 115 176 177 178 179 208 210 240 241 242 243 246 
[4, -8, 1, -5, -5, 8, 3, 4, 10]--- 14 points removed --- 72 80 88 89 90 91 104 112 120 121 122 216 218 248 
[-6, -2, 1, 4, 8, 5, 7, 8, 0]--- 14 points removed --- 64 96 128 132 144 160 176 192 194 196 208 224 228 240 
[4, 5, -1, 6, -6, -2, 2, -4, 7]--- 13 points removed --- 9 11 12 13 15 41 43 44 45 47 109 141 173 
[7, -4, -8, 3, 2, 5, -1, 8, 6]--- 13 points removed --- 32 34 42 96 98 100 102 104 106 112 114 120 122 
[-1, 8, 4, 7, -2, -5, 3, -7, 8]--- 13 points removed --- 5 7 9 13 15 45 133 135 137 141 143 165 173 
[8, 5, 8, -1, -8, 2, 1, -8, 9]--- 13 points removed --- 9 11 13 15 25 27 29 31 73 75 89 91 93 
[6, -1, 5, -2, -5, 4, 2, -5, 7]--- 13 points removed --- 9 11 25 27 29 73 75 81 88 89 91 93 121 
[-6, 5, 2, -6, 7, -1, 6, -2, 8]--- 13 points removed --- 21 133 144 145 148 149 151 176 177 180 181 209 213 
[-2, -5, 3, -8, -1, 7, 4, 7, 9]--- 13 points removed --- 80 88 90 112 120 144 152 208 210 216 218 240 248 
[-3, 4, 2, -1, 5, -4, 3, -2, 5]--- 13 points removed --- 5 21 132 133 135 145 148 149 151 165 180 181 213 
[5, -1, 8, 3, -8, 8, 2, -6, 7]--- 13 points removed --- 8 9 11 25 27 72 73 75 89 91 137 201 203 
[8, -4, 3, -2, -3, 4, 2, -1, 5]--- 13 points removed --- 25 72 73 75 80 81 88 89 90 91 93 120 121 
[-8, -2, 2, -4, 4, 5, -1, 8, 9]--- 13 points removed --- 144 146 176 178 192 194 208 210 214 216 218 240 242 
[2, 6, -1, 8, 8, -5, -8, 3, 6]--- 13 points removed --- 2 6 7 34 38 39 70 102 134 135 162 166 167 
[-7, 7, 3, -4, 5, -1, 7, 2, 5]--- 13 points removed --- 128 132 133 144 145 148 149 152 156 176 177 180 181 
[5, -1, 8, 2, -8, 8, 3, -4, 6]--- 13 points removed --- 8 9 11 25 27 72 73 75 88 89 91 137 201 
[-8, 5, 1, -8, 8, 2, 8, -1, 9]--- 13 points removed --- 144 145 148 149 176 177 180 181 208 209 213 240 241 
[-8, 8, 2, -6, 5, -1, 8, 3, 7]--- 13 points removed --- 128 132 144 145 148 149 152 156 176 177 180 181 188 
[7, 5, -3, 8, -8, -3, 1, -7, 13]--- 12 points removed --- 9 11 13 15 41 43 44 45 47 109 111 173 
[2, 4, -1, 5, -5, -3, 3, -2, 6]--- 12 points removed --- 9 12 13 15 41 44 45 47 109 141 172 173 
[-2, -6, -7, 1, -1, 3, 4, 6, 11]--- 12 points removed --- 96 104 112 120 224 228 232 234 236 240 248 252 
[-5, -2, -1, -6, 6, 4, -2, 5, 10]--- 12 points removed --- 114 144 146 176 178 208 210 214 240 242 243 246 
[-7, 8, -1, -8, 5, -4, 8, 2, 12]--- 12 points removed --- 52 144 145 148 149 156 176 177 180 181 188 189 
[-5, 5, -1, -3, 4, -1, 8, -2, 7]--- 12 points removed --- 133 144 145 148 149 161 165 176 177 180 181 189 
[-8, -3, 1, -7, 7, 5, -3, 8, 13]--- 12 points removed --- 144 146 176 178 194 208 210 214 218 240 242 246 
[8, -3, -8, 5, 4, 4, -1, 8, 4]--- 12 points removed --- 32 34 38 42 96 98 100 102 104 106 112 114 
[4, 4, -1, 8, 8, -3, -8, 5, 4]--- 12 points removed --- 2 6 7 34 38 39 70 98 102 134 162 166 
[-2, 7, 8, 6, 8, -7, 2, 1, 1]--- 12 points removed --- 4 5 6 7 128 132 133 134 135 148 149 196 
[-5, -3, 3, -2, 2, 4, -1, 5, 6]--- 12 points removed --- 144 146 192 194 202 208 210 214 216 218 240 242 
[4, -1, 5, -2, -8, 5, -1, -3, 10]--- 12 points removed --- 9 11 25 26 27 73 75 88 89 90 91 219 
[6, 4, -2, 5, -5, -2, -1, -8, 12]--- 12 points removed --- 9 11 13 15 39 41 43 45 47 63 109 111 
[3, -2, 5, 1, -4, 5, -1, -5, 7]--- 12 points removed --- 9 11 25 27 67 73 75 89 91 201 203 219 
[-1, 3, 4, 5, -2, -5, -7, 1, 10]--- 12 points removed --- 6 7 14 15 78 134 135 142 143 174 206 207 
[8, -7, 3, 1, -3, 7, 8, 5, 2]--- 12 points removed --- 8 64 72 73 76 80 88 89 96 104 112 120 
[2, -1, 8, 3, 4, -2, -2, -2, 3]--- 11 points removed --- 3 5 6 7 67 69 70 71 87 135 199 
[7, 8, -1, -2, -6, -2, -7, -5, 16]--- 11 points removed --- 11 15 27 30 31 43 47 55 59 62 63 
[-6, -3, -6, 2, -4, -3, 2, 8, 16]--- 11 points removed --- 172 174 188 228 232 234 236 238 248 252 254 
[-8, 7, 8, -8, 6, 7, 8, 8, 2]--- 11 points removed --- 16 128 144 145 146 148 152 156 176 208 216 
[-4, -3, 2, 7, -6, -3, -6, 2, 16]--- 11 points removed --- 78 142 143 174 202 203 206 207 234 238 239 
[1, 1, -5, 2, 8, 5, 3, 8, 0]--- 11 points removed --- 32 34 48 96 98 112 160 162 176 224 240 
[8, -2, -2, -2, 2, -1, 8, 3, 3]--- 11 points removed --- 48 52 80 84 96 100 112 116 117 120 124 
[1, 2, 3, 3, -3, 2, 3, -3, 2]--- 11 points removed --- 1 8 9 11 13 25 41 73 137 141 201 
[-8, 1, 2, 1, 8, 6, 8, 8, 0]--- 11 points removed --- 128 132 144 148 160 176 192 196 208 224 240 
[4, -2, 8, -1, -8, 8, -2, -5, 12]--- 11 points removed --- 9 11 25 27 73 75 89 90 91 203 219 
[7, 7, 4, 7, 2, 1, -8, 3, 1]--- 11 points removed --- 2 3 6 7 10 11 14 15 34 38 42 
[-7, -1, 2, -8, 8, 6, 8, -4, 12]--- 11 points removed --- 81 144 145 149 176 177 208 209 213 240 241 
[-6, -2, 2, -8, 8, 7, 8, -1, 9]--- 11 points removed --- 80 81 144 145 176 177 208 209 213 240 241 
[4, -5, -6, 2, -2, 8, -1, 8, 8]--- 11 points removed --- 42 96 98 104 106 112 114 120 122 232 234 
[-5, -2, -7, -6, 8, 8, -2, -1, 16]--- 11 points removed --- 114 115 176 177 178 179 227 240 241 242 243 
[8, 7, 8, -1, -6, -2, 2, -8, 9]--- 11 points removed --- 5 9 11 13 15 21 25 27 29 31 93 
[5, -8, -8, -3, 3, 8, -1, 7, 12]--- 11 points removed --- 96 98 104 106 112 114 115 120 122 240 242 
[-2, 8, -1, 8, 6, -7, -8, 2, 10]--- 11 points removed --- 6 7 38 39 134 135 142 162 166 167 174 
[-6, 6, -2, -5, 4, -2, 6, -1, 10]--- 11 points removed --- 144 145 148 149 165 176 177 180 181 188 189 
[8, 3, 8, 8, -5, 1, 2, 1, 0]--- 11 points removed --- 8 9 10 11 12 13 14 15 72 73 76 
[-6, 8, -2, -8, 7, -1, 8, 2, 9]--- 11 points removed --- 48 52 144 145 148 149 176 177 180 181 188 
[3, 8, -1, 7, 5, -8, -8, -3, 12]--- 11 points removed --- 6 7 15 38 39 47 55 134 135 166 167 
[-2, 5, 4, 6, -1, -6, -8, 2, 11]--- 11 points removed --- 6 7 14 15 134 135 142 143 166 174 206 
[-1, -8, -8, 2, -2, 7, 6, 8, 11]--- 11 points removed --- 96 104 106 112 120 224 232 234 236 240 248 
[7, -6, -8, 2, -1, 8, -4, 8, 11]--- 11 points removed --- 34 42 96 98 104 106 112 114 120 122 234 
[6, 4, 6, -2, -5, -1, 2, -8, 10]--- 11 points removed --- 9 11 13 15 21 25 27 29 31 89 93 
[-6, -2, -7, -5, 8, 8, -1, -2, 16]--- 11 points removed --- 115 176 177 178 179 225 227 240 241 242 243 
[5, -1, 8, 2, -4, 6, -2, -6, 7]--- 11 points removed --- 3 9 11 25 27 67 73 75 89 91 203 
[-1, 8, -2, 8, 7, -6, -8, 2, 9]--- 11 points removed --- 6 7 34 38 39 134 135 162 166 167 174 
[6, 6, -2, -1, -4, -2, -6, -5, 14]--- 11 points removed --- 11 15 27 31 39 43 47 55 59 62 63 
[2, 2, -2, 4, 3, 1, -3, 4, 1]--- 10 points removed --- 2 6 32 34 38 42 98 102 162 166 
[6, -5, 8, -7, -8, 8, -2, -1, 15]--- 10 points removed --- 25 26 27 75 88 89 90 91 218 219 
[-5, 8, -2, 1, 2, -3, 4, -5, 10]--- 10 points removed --- 133 141 149 161 165 167 173 177 181 189 
[-5, -3, -1, 4, -5, -3, -4, 2, 16]--- 10 points removed --- 142 174 202 206 207 234 236 238 239 254 
[2, -4, 3, -5, -5, 5, -1, 2, 10]--- 10 points removed --- 26 88 89 90 91 120 122 216 218 219 
[-3, -1, 2, 5, -5, -4, -5, 2, 13]--- 10 points removed --- 14 78 142 143 174 202 206 207 238 239 
[3, 1, -3, 4, 2, 2, -2, 4, 1]--- 10 points removed --- 2 32 34 38 42 96 98 102 106 162 
[-5, 5, -2, -1, 3, -2, 5, -4, 9]--- 10 points removed --- 133 145 149 161 165 173 177 180 181 189 
[-4, -5, -5, 2, -2, 1, 3, 5, 11]--- 10 points removed --- 104 224 228 232 234 236 238 240 248 252 
[-2, 1, 3, 8, -4, -5, -5, 2, 11]--- 10 points removed --- 14 15 78 134 142 143 174 206 207 238 
[-5, 5, -1, 2, 2, -4, 3, -5, 10]--- 10 points removed --- 133 135 141 149 161 165 167 173 181 189 
[-8, -2, -3, 2, -4, -2, -1, 3, 16]--- 10 points removed --- 172 174 206 232 234 236 238 239 252 254 
[2, -3, 4, -5, -5, 5, -2, 1, 10]--- 10 points removed --- 26 27 88 89 90 91 122 216 218 219 
[-6, -5, -6, 3, -4, -1, 2, 6, 16]--- 10 points removed --- 172 224 228 232 234 236 238 248 252 254 
[3, 3, -1, 4, 2, 2, -3, 4, 0]--- 9 points removed --- 2 6 10 32 34 38 42 98 162 
[-4, -3, -5, -1, -5, -3, 2, 5, 16]--- 9 points removed --- 124 172 188 232 236 238 248 252 254 
[4, -2, 3, 2, -3, 3, 4, 1, 1]--- 9 points removed --- 8 9 64 72 73 76 88 89 104 
[1, 4, -4, 5, 4, 2, -3, 5, 2]--- 9 points removed --- 2 32 34 38 42 98 160 162 166 
[-3, 2, 4, 2, 8, -1, 3, 3, 0]--- 9 points removed --- 4 128 132 133 134 144 148 192 196 
[7, 2, -6, 8, 1, 7, -7, 8, 5]--- 9 points removed --- 2 10 32 34 38 42 98 106 162 
[-5, -4, -2, 4, -6, -1, -3, 4, 16]--- 9 points removed --- 174 202 206 232 234 236 238 239 254 
[-3, 3, 4, 1, 4, -2, 3, 2, 1]--- 9 points removed --- 4 128 132 133 134 144 148 149 196 
[-4, -2, 2, 8, -3, -2, -8, -1, 16]--- 9 points removed --- 142 143 199 202 203 206 207 238 239 
[-4, -1, -2, 3, -8, -3, -2, 3, 16]--- 9 points removed --- 142 172 174 206 234 236 238 239 254 
[3, 4, -5, 8, 5, 5, -2, 8, 0]--- 9 points removed --- 2 32 34 38 42 96 98 160 162 
[8, -1, 7, 7, -7, 2, 8, 6, 0]--- 9 points removed --- 8 9 12 64 72 73 76 88 104 
[-2, 8, -3, 2, -3, -6, 7, -1, 11]--- 8 points removed --- 44 45 141 165 172 173 188 189 
[-3, -4, 8, -2, -1, 4, -2, 3, 8]--- 8 points removed --- 90 194 202 208 210 216 218 219 
[-5, 3, 2, 8, -3, -8, -6, 4, 16]--- 8 points removed --- 14 134 142 143 166 174 206 238 
[1, -3, 4, -2, -4, 4, -3, -2, 10]--- 8 points removed --- 27 75 89 90 91 203 218 219 
[-5, 3, -4, -1, -4, -7, 8, 2, 16]--- 8 points removed --- 156 172 173 180 188 189 236 252 
[-4, -4, 3, 2, -3, 2, -4, 1, 11]--- 8 points removed --- 194 202 203 206 207 218 219 234 
[-2, -8, 4, -3, -2, 8, -1, 3, 12]--- 8 points removed --- 88 90 202 208 210 216 218 219 
[-3, 2, -4, 1, -4, -4, 3, 2, 11]--- 8 points removed --- 44 172 173 174 188 189 236 252 
[-3, -5, -8, 4, -4, 2, 1, 8, 15]--- 8 points removed --- 104 106 224 232 234 236 238 248 
[-4, -6, 8, 3, -6, 2, -4, -1, 16]--- 8 points removed --- 75 201 202 203 206 207 218 219 
[1, -8, -7, -6, 6, 8, -2, 5, 16]--- 8 points removed --- 98 112 114 115 122 240 242 243 
[-4, 3, -3, -2, -2, -4, 4, 1, 11]--- 8 points removed --- 156 172 173 180 181 188 189 252 
[-1, -6, 6, 2, -6, 5, -4, -5, 16]--- 8 points removed --- 73 75 91 201 202 203 207 219 
[-8, 6, -4, -3, 2, -4, 8, -3, 16]--- 8 points removed --- 149 165 173 177 180 181 188 189 
[-3, 8, -3, 1, -2, -8, 8, -2, 14]--- 8 points removed --- 45 141 165 172 173 181 188 189 
[-5, -1, 4, 8, -3, -4, -6, -2, 16]--- 8 points removed --- 135 142 143 199 203 206 207 239 
[-3, 4, -2, 2, -1, -4, 4, -3, 9]--- 8 points removed --- 45 133 141 165 172 173 181 189 
[-2, 8, -1, 3, -2, -4, 8, -3, 8]--- 8 points removed --- 13 45 133 141 165 172 173 189 
[3, 8, -2, 2, 1, -7, -8, -3, 16]--- 8 points removed --- 7 15 38 39 47 55 63 167 
[-6, -6, 5, 1, -4, 5, -6, 4, 16]--- 8 points removed --- 194 202 203 206 210 218 219 234 
[-2, -3, -4, -2, -8, -1, 3, 8, 16]--- 8 points removed --- 120 124 188 232 236 248 252 254 
[-2, -6, 8, -4, -5, 8, -5, 1, 16]--- 8 points removed --- 90 91 202 203 210 216 218 219 
[-1, 8, -2, 7, -7, -8, 8, -6, 16]--- 8 points removed --- 13 44 45 141 165 172 173 189 
[-3, 1, -4, 2, -8, -5, 2, 3, 16]--- 8 points removed --- 44 172 173 174 188 236 238 252 
[-2, 3, -4, 2, -4, -4, 3, 1, 10]--- 8 points removed --- 44 45 172 173 174 188 189 236 
[-2, -4, 8, 1, -8, 3, -3, -2, 15]--- 8 points removed --- 75 91 201 202 203 207 218 219 
[-6, 5, -4, -5, -1, -6, 8, 2, 16]--- 8 points removed --- 148 156 172 180 181 188 189 252 
[-1, -4, 4, -3, -3, 4, -2, 2, 9]--- 8 points removed --- 88 90 91 202 210 216 218 219 
[-6, -6, 3, 5, -4, 2, -6, 3, 16]--- 8 points removed --- 194 202 203 206 207 218 234 238 
[-3, -4, 4, -1, -2, 4, -3, 2, 9]--- 8 points removed --- 90 194 202 203 210 216 218 219 
[4, 2, -2, 4, -1, 4, -4, 3, 3]--- 7 points removed --- 2 10 34 42 43 98 106 
[-4, 2, -1, 8, -2, -8, -3, 4, 14]--- 7 points removed --- 134 142 166 172 174 206 238 
[-4, -6, -2, 8, -6, 1, -3, 8, 16]--- 7 points removed --- 106 202 206 232 234 236 238 
[8, 7, -1, 8, -2, 8, -8, 6, 3]--- 7 points removed --- 2 10 11 34 42 43 106 
[-2, -8, -3, 4, -4, 2, -1, 8, 14]--- 7 points removed --- 104 106 202 232 234 236 238 
[-1, 4, -4, 3, 4, 2, -2, 8, 3]--- 7 points removed --- 32 34 38 160 162 166 178 
[-2, 6, -6, 4, 6, 5, -1, 6, 3]--- 7 points removed --- 32 34 160 162 166 176 178 
[8, -6, -7, 8, 8, -1, -2, 8, 8]--- 7 points removed --- 34 38 70 96 98 100 102 
[-5, 1, -2, 8, -3, -8, -2, 8, 16]--- 7 points removed --- 142 166 172 174 206 236 238 
[-1, -3, 8, -1, -8, 3, -5, -1, 16]--- 7 points removed --- 75 90 91 202 203 218 219 
[-4, 3, -3, -1, -1, -4, 4, -1, 11]--- 7 points removed --- 165 172 173 180 181 188 189 
[8, -1, -2, 8, 8, -6, -7, 8, 8]--- 7 points removed --- 6 34 38 70 98 100 102 
[-7, -1, 7, -7, 6, -1, 8, -7, 16]--- 5 points removed --- 145 149 209 213 221 
[6, -1, 8, -7, -7, -1, 8, -7, 16]--- 5 points removed --- 25 29 89 93 221 
[-4, -4, -1, -4, 3, -1, -6, 8, 16]--- 5 points removed --- 210 214 242 246 254 
[-2, -3, -1, 3, -3, -3, -3, -1, 13]--- 5 points removed --- 111 206 207 238 239 
[2, -1, -3, 3, -3, -3, -1, -3, 11]--- 5 points removed --- 45 47 109 111 239 
[-6, -3, -3, -1, -2, -3, -1, 8, 16]--- 5 points removed --- 236 238 246 252 254 
[-1, -2, 2, -2, -1, -8, 2, -4, 16]--- 3 points removed --- 93 213 221 
