[-1, -1, -1, -3, 3, 5, 6, 6, 0]--- 23 points removed --- 16 32 48 56 64 80 88 96 112 120 128 144 152 160 176 184 192 208 216 224 240 244 248 
[-2, -3, 1, -3, 4, 5, 8, 8, 0]--- 23 points removed --- 16 48 64 80 84 88 96 112 120 128 144 152 160 176 192 200 208 212 216 224 240 244 248 
[4, 7, 8, 8, -1, -2, -1, -4, 0]--- 23 points removed --- 1 2 3 4 5 6 7 8 9 10 11 12 13 14 15 79 131 133 135 137 139 141 143 
[3, 5, 8, 8, -2, -2, 1, -3, 0]--- 23 points removed --- 1 3 4 5 6 7 8 9 10 11 12 13 14 15 77 79 133 135 137 139 140 141 143 
[3, 5, 8, 8, -2, -3, 1, -4, 1]--- 23 points removed --- 1 3 4 5 6 7 8 9 11 12 13 14 15 69 77 79 133 135 137 139 140 141 143 
[-2, -2, 1, -3, 3, 5, 7, 8, 0]--- 23 points removed --- 16 48 64 80 88 96 112 120 128 144 152 160 176 184 192 200 208 212 216 224 240 244 248 
[4, 5, 8, 8, -2, -3, 1, -3, 0]--- 23 points removed --- 1 3 4 5 6 7 8 9 10 11 12 13 14 15 69 77 79 133 135 137 140 141 143 
[-2, -3, 1, -4, 3, 5, 8, 8, 1]--- 23 points removed --- 16 48 64 80 84 88 96 112 120 128 144 152 176 184 192 200 208 212 216 224 240 244 248 
[-2, -3, 1, -2, 4, 4, 7, 7, 0]--- 22 points removed --- 16 48 64 80 84 88 96 112 128 144 160 176 192 196 200 208 212 216 224 240 244 248 
[4, 4, 8, 8, -2, -3, 1, -2, 0]--- 22 points removed --- 1 3 4 5 6 7 8 9 10 11 12 13 14 15 69 76 77 79 133 140 141 143 
[4, 8, 8, 7, 1, -2, -2, -4, 0]--- 21 points removed --- 1 2 3 4 5 6 7 9 10 11 12 13 14 15 23 131 133 135 139 141 143 
[4, 5, 8, 8, -3, -3, 2, -2, 0]--- 21 points removed --- 1 4 5 6 7 8 9 10 11 12 13 14 15 76 77 79 133 137 140 141 143 
[-2, 1, -2, -4, 4, 8, 8, 7, 0]--- 21 points removed --- 16 32 48 56 80 96 112 120 128 144 152 160 176 177 184 192 208 216 224 240 248 
[4, 8, 8, 7, -2, 1, -2, -4, 0]--- 21 points removed --- 1 2 3 5 6 7 8 9 10 11 12 13 14 15 27 131 135 137 139 141 143 
[5, 6, 8, 8, -2, -2, -1, -3, 0]--- 21 points removed --- 1 2 3 4 5 6 7 8 9 10 11 12 13 14 15 77 79 135 139 141 143 
[1, -2, -2, -4, 4, 8, 8, 7, 0]--- 21 points removed --- 16 32 48 56 64 80 88 96 112 113 120 144 160 176 184 192 208 216 224 240 248 
[3, 6, 8, 8, -2, -2, -1, -5, 2]--- 21 points removed --- 1 3 5 6 7 9 10 11 12 13 14 15 77 79 131 133 135 137 139 141 143 
[-2, -2, -1, -3, 5, 6, 8, 8, 0]--- 21 points removed --- 16 32 48 64 80 96 112 120 128 144 160 176 184 192 208 212 216 224 240 244 248 
[-2, -2, -1, -5, 3, 6, 8, 8, 2]--- 21 points removed --- 16 48 56 80 88 96 112 120 144 152 160 176 184 192 208 212 216 224 240 244 248 
[3, 4, 7, 7, -2, -3, 2, -2, 0]--- 21 points removed --- 1 4 5 6 7 8 9 11 12 13 14 15 69 76 77 79 133 137 140 141 143 
[-3, -3, 2, -2, 4, 5, 8, 8, 0]--- 21 points removed --- 16 64 80 88 96 112 128 144 152 160 176 192 196 200 208 212 216 224 240 244 248 
[-2, -3, 2, -2, 3, 4, 8, 8, 0]--- 21 points removed --- 16 64 80 84 88 96 112 128 144 152 176 192 196 200 208 212 216 224 240 244 248 
[4, 8, 8, 6, -3, 2, -1, -4, 0]--- 20 points removed --- 1 2 3 5 7 8 9 10 11 12 13 14 15 25 27 131 137 139 141 143 
[-3, 2, -1, -4, 4, 8, 8, 6, 0]--- 20 points removed --- 16 32 48 56 80 112 128 144 145 152 160 176 177 184 192 208 216 224 240 248 
[-4, 2, 1, -4, 4, 8, 7, 6, 0]--- 19 points removed --- 16 48 80 112 128 144 145 146 152 160 176 177 184 192 208 216 224 240 248 
[4, 8, 7, 6, -4, 2, 1, -4, 0]--- 19 points removed --- 1 3 5 7 8 9 10 11 12 13 14 15 25 27 41 137 139 141 143 
[4, 6, 7, 8, 1, -4, 2, -4, 0]--- 19 points removed --- 1 3 4 5 6 7 9 11 12 13 14 15 37 69 77 133 135 141 143 
[1, -4, 2, -4, 4, 6, 7, 8, 0]--- 19 points removed --- 16 48 64 80 82 84 88 96 112 120 144 176 192 208 212 216 224 240 248 
[1, 1, -4, -3, 3, 7, 6, 8, 0]--- 18 points removed --- 16 32 40 48 50 56 80 96 112 120 144 160 176 184 208 224 240 248 
[3, 8, 6, 7, 1, 1, -4, -3, 0]--- 18 points removed --- 1 2 3 5 6 7 9 10 11 13 14 15 35 130 131 135 139 143 
[6, 6, 8, 7, -4, -4, 2, 1, 0]--- 17 points removed --- 4 5 6 7 8 9 10 11 12 13 14 15 28 76 77 140 141 
[-4, -4, 2, 1, 6, 6, 8, 7, 0]--- 17 points removed --- 64 80 96 112 128 144 160 176 192 193 196 200 208 212 216 224 240 
[8, -2, -5, 6, 8, 2, 6, -1, 0]--- 16 points removed --- 1 32 33 36 37 64 65 69 96 97 98 99 100 101 112 113 
[2, -4, -4, 1, 8, 7, 7, 6, 0]--- 16 points removed --- 32 48 64 80 96 97 98 100 112 113 160 176 192 208 224 240 
[6, 5, 7, 8, 1, -2, 3, -6, 0]--- 16 points removed --- 1 3 4 5 7 9 11 12 13 15 37 65 69 77 133 141 
[8, 2, 6, -1, 8, -4, -5, 5, 2]--- 16 points removed --- 2 4 6 7 18 20 22 23 38 54 66 70 82 84 86 87 
[2, 8, 7, 5, -6, 3, 1, -6, 4]--- 16 points removed --- 1 3 8 9 10 11 13 15 25 27 41 137 139 141 143 153 
[2, -3, -3, -1, 6, 7, 7, 5, 0]--- 16 points removed --- 16 32 48 64 80 96 97 112 113 120 160 176 192 208 224 240 
[7, 8, 8, 6, 2, -3, -4, -1, 0]--- 16 points removed --- 1 2 3 4 5 6 7 10 11 12 13 14 15 22 23 135 
[8, 3, 4, -1, 8, -2, -4, 5, 0]--- 16 points removed --- 2 4 6 7 16 18 20 22 23 38 50 54 66 70 82 86 
[8, -1, -3, 6, 7, 2, 5, -3, 0]--- 16 points removed --- 1 5 32 33 35 36 37 64 65 69 96 97 99 100 101 113 
[8, -2, -4, 6, 8, 3, 5, -2, 0]--- 16 points removed --- 1 32 33 35 36 37 64 65 69 96 97 98 99 100 101 113 
[-8, 2, 3, -8, -2, 6, 4, 5, 10]--- 16 points removed --- 144 145 146 152 153 154 156 176 184 186 208 216 217 218 240 248 
[8, -3, -4, 5, 8, 2, 6, -2, 1]--- 16 points removed --- 1 32 33 36 37 64 65 69 96 97 99 100 101 112 113 117 
[8, 7, 7, 6, 2, -4, -4, 1, 0]--- 16 points removed --- 2 3 4 5 6 7 10 11 12 13 14 15 22 23 38 70 
[-2, 3, 1, -6, 6, 8, 7, 5, 0]--- 16 points removed --- 16 17 48 80 112 128 144 145 146 152 160 176 177 184 208 240 
[1, 8, 8, 6, 2, -3, -4, -7, 6]--- 16 points removed --- 1 3 5 6 7 11 13 15 23 131 133 135 139 141 143 151 
[7, -1, 8, -4, 7, -2, -4, 6, 3]--- 16 points removed --- 2 6 16 18 20 22 23 66 70 80 82 84 86 87 94 214 
[8, 3, 6, 1, 7, -2, -6, 5, 0]--- 16 points removed --- 2 3 4 6 7 14 18 20 22 23 38 54 66 70 82 86 
[8, 2, 6, -4, 8, -1, -3, 7, 0]--- 16 points removed --- 2 4 6 16 18 20 22 23 50 54 66 70 80 82 84 86 
[-2, 6, 4, 5, -8, 2, 3, -8, 10]--- 16 points removed --- 9 11 13 15 25 41 137 139 141 143 153 157 169 171 173 201 
[8, 3, 5, -2, 8, -2, -4, 7, 0]--- 16 points removed --- 2 4 6 16 18 20 22 23 38 50 54 66 70 82 84 86 
[-6, 3, 1, -6, 2, 8, 7, 5, 4]--- 16 points removed --- 16 48 128 144 145 146 152 153 160 176 177 184 208 216 240 248 
[2, -3, -3, -6, 1, 8, 8, 5, 5]--- 16 points removed --- 16 48 56 80 88 96 112 113 120 121 176 184 208 216 240 248 
[7, 2, 5, -1, 7, -2, -4, 5, 0]--- 16 points removed --- 2 4 6 7 16 18 20 22 23 38 54 66 70 82 84 86 
[1, -2, 3, -5, 5, 4, 6, 8, 0]--- 16 points removed --- 16 20 48 64 80 82 84 88 112 144 176 192 208 212 216 240 
[8, 1, 7, -4, 8, -2, -3, 6, 1]--- 16 points removed --- 2 4 6 16 18 20 22 23 54 66 70 80 82 84 86 87 
[7, -2, -4, 6, 7, -1, 8, -4, 3]--- 16 points removed --- 1 5 32 33 36 37 65 69 96 97 100 101 109 113 117 229 
[8, -2, -3, 5, 8, 1, 6, -3, 1]--- 16 points removed --- 1 5 32 33 36 37 64 65 69 96 97 99 100 101 113 117 
[-1, 8, 7, 7, -4, -4, 2, -6, 7]--- 16 points removed --- 5 7 9 11 12 13 15 133 135 137 139 140 141 143 157 173 
[5, 8, 6, 4, -2, 3, 1, -5, 0]--- 16 points removed --- 1 3 5 7 8 9 10 11 13 15 17 25 27 41 137 139 
[7, -2, -4, 5, 7, 3, 4, -1, 0]--- 16 points removed --- 1 32 33 35 36 37 64 65 96 97 98 99 100 101 112 113 
[-4, -4, 2, -6, -1, 8, 7, 7, 7]--- 16 points removed --- 80 88 112 120 144 152 176 184 192 200 208 216 217 218 240 248 
[7, -2, -6, 5, 8, 4, 6, 1, 0]--- 16 points removed --- 32 33 36 37 48 64 65 96 97 98 99 100 101 112 113 224 
[8, -4, -5, 5, 8, 2, 6, -1, 2]--- 16 points removed --- 32 33 36 37 64 65 69 96 97 98 99 100 101 112 113 117 
[8, 2, 7, -2, 8, -3, -4, 5, 1]--- 16 points removed --- 2 4 6 7 16 18 20 22 23 54 66 70 82 84 86 87 
[8, 6, 5, 1, 7, -6, -2, 5, 0]--- 15 points removed --- 2 4 5 6 7 14 18 20 22 23 36 38 54 70 86 
[5, -1, -6, 4, 8, 3, 6, 2, 0]--- 15 points removed --- 32 33 36 37 48 64 96 97 98 100 101 112 113 160 224 
[6, -4, -4, 3, 8, 5, 5, 2, 0]--- 15 points removed --- 32 33 48 64 65 80 96 97 98 99 100 101 112 113 224 
[-2, 4, 3, 5, -6, 2, 1, -6, 8]--- 15 points removed --- 9 11 13 15 41 137 139 141 143 153 169 171 173 201 203 
[3, 2, 3, -7, 8, 4, 2, 6, 0]--- 15 points removed --- 16 17 18 20 22 48 50 80 82 84 112 144 146 176 208 
[-4, 5, 1, -5, 4, 8, 7, 3, 1]--- 15 points removed --- 16 17 48 128 144 145 146 152 153 160 176 177 184 208 240 
[-6, 3, 2, -6, 1, 7, 5, 4, 5]--- 15 points removed --- 16 128 144 145 146 152 153 154 176 177 184 208 216 240 248 
[7, 3, 6, 2, 5, -1, -6, 4, 0]--- 15 points removed --- 2 3 4 6 7 10 14 18 22 23 38 66 70 82 86 
[1, 3, 3, -8, 8, 7, 4, 6, 0]--- 15 points removed --- 16 17 18 20 48 50 80 82 112 144 145 146 176 208 240 
[6, 2, 3, 8, 4, -1, 5, -6, 0]--- 15 points removed --- 1 3 4 5 7 9 13 33 37 65 69 77 97 101 133 
[2, 1, 2, -6, 6, 4, 3, 5, 0]--- 15 points removed --- 16 17 18 20 48 50 80 82 84 112 144 146 176 208 240 
[5, -2, 8, -6, 6, -3, -1, 4, 5]--- 15 points removed --- 16 18 20 22 23 70 80 82 84 85 86 87 94 212 214 
[-1, 3, 2, -7, 7, 8, 6, 5, 0]--- 15 points removed --- 16 17 18 48 80 112 128 144 145 146 152 176 177 208 240 
[3, 1, 3, -5, 8, 2, 1, 4, 0]--- 15 points removed --- 16 17 18 20 22 48 50 80 82 84 86 112 144 146 208 
[5, 2, 1, 4, 3, 1, 3, -5, 0]--- 15 points removed --- 1 3 5 7 9 13 17 33 35 37 41 65 69 97 101 
[5, -4, -2, 3, 6, 4, 3, 1, 0]--- 15 points removed --- 32 33 64 65 66 80 96 97 98 99 100 101 112 113 224 
[8, 1, -4, 8, 7, 2, 6, -4, 0]--- 15 points removed --- 1 5 32 33 35 36 37 41 65 69 96 97 99 100 101 
[1, 8, 6, 5, -7, 3, 2, -7, 6]--- 15 points removed --- 1 8 9 11 13 15 25 27 41 137 139 141 143 153 169 
[4, 8, 7, 3, -4, 5, 1, -5, 1]--- 15 points removed --- 1 3 8 9 10 11 13 15 17 25 27 41 137 139 153 
[2, -1, 3, -6, 6, 4, 5, 8, 0]--- 15 points removed --- 16 18 20 48 64 80 82 84 88 112 144 176 208 212 240 
[8, 6, 5, 7, 2, 1, 2, -8, 0]--- 15 points removed --- 1 3 5 7 9 11 13 15 17 33 35 37 41 65 69 
[4, -6, -2, 1, 8, 7, 7, 5, 0]--- 15 points removed --- 32 48 64 65 80 96 97 98 100 112 113 192 208 224 240 
[7, 2, 6, -4, 8, 1, -4, 8, 0]--- 15 points removed --- 2 6 16 18 20 22 50 54 66 70 80 82 84 86 146 
[6, 4, 5, 8, 2, -1, 3, -6, 0]--- 15 points removed --- 1 3 4 5 7 9 11 13 15 33 37 65 69 77 133 
[7, -1, 8, -6, 7, -3, -2, 5, 4]--- 15 points removed --- 6 16 18 20 22 23 70 80 82 84 85 86 87 94 214 
[7, -4, -1, 5, 6, -2, 8, -7, 6]--- 15 points removed --- 1 5 33 37 65 69 77 85 97 100 101 109 113 117 229 
[4, -1, 5, -6, 6, 2, 3, 8, 0]--- 15 points removed --- 16 18 20 22 48 64 80 82 84 86 88 112 144 208 212 
[2, -4, -4, -8, -1, 8, 7, 6, 9]--- 15 points removed --- 48 56 80 88 112 113 120 121 122 176 184 208 216 240 248 
[-8, 2, 1, -8, -2, 6, 5, 7, 10]--- 15 points removed --- 144 146 152 153 154 156 176 184 186 188 208 216 218 240 248 
[7, 8, 6, 5, -1, 3, 2, -7, 0]--- 15 points removed --- 1 3 5 7 8 9 11 13 15 17 25 27 33 41 137 
[3, -1, -6, 2, 8, 5, 6, 4, 0]--- 15 points removed --- 32 33 36 48 64 96 97 98 100 112 113 160 176 224 240 
[7, -3, -2, 5, 7, -1, 8, -6, 4]--- 15 points removed --- 1 5 33 37 65 69 85 96 97 100 101 109 113 117 229 
[8, 6, 7, 5, 3, -1, -7, 2, 0]--- 15 points removed --- 2 3 4 6 7 10 11 14 15 18 22 23 38 66 70 
[3, -2, -5, 1, 8, 6, 6, 4, 0]--- 15 points removed --- 32 33 48 64 80 96 97 98 100 112 113 160 176 224 240 
[7, 6, 5, 4, 3, -6, -1, 2, 0]--- 15 points removed --- 2 4 5 6 7 12 13 14 15 20 22 23 36 38 70 
[3, -7, -1, 2, 8, 7, 6, 5, 0]--- 15 points removed --- 32 64 65 66 80 96 97 98 100 112 113 192 208 224 240 
[-1, 8, 7, 6, 2, -4, -4, -8, 9]--- 15 points removed --- 3 5 7 11 13 15 23 131 133 135 139 141 143 151 167 
[8, 7, 5, 6, 1, 2, 2, -8, 0]--- 15 points removed --- 1 3 5 7 9 11 13 15 17 25 33 35 37 41 65 
[8, 7, 7, 5, 3, -2, -6, 1, 0]--- 15 points removed --- 2 3 4 5 6 7 10 11 14 15 18 22 23 38 70 
[6, 4, 4, 1, 5, -3, -3, 2, 0]--- 15 points removed --- 2 3 4 5 6 7 14 18 20 22 23 38 54 70 86 
[7, 4, 2, 5, 3, 2, 3, -7, 0]--- 15 points removed --- 1 3 5 7 9 11 13 17 33 35 37 41 65 69 97 
[8, 6, 6, 4, 3, -5, -2, 1, 0]--- 15 points removed --- 2 3 4 5 6 7 12 13 14 15 20 22 23 38 70 
[7, 3, 5, -6, 8, 1, -2, 8, 0]--- 14 points removed --- 2 6 16 18 20 22 48 50 54 80 82 84 86 146 
[-4, -4, 4, 1, 2, 3, 8, 5, 2]--- 14 points removed --- 64 80 128 144 192 193 196 200 204 208 212 216 224 240 
[6, -5, -2, 3, 4, -4, 8, -6, 9]--- 14 points removed --- 5 37 65 69 77 85 97 100 101 109 113 117 125 229 
[5, 1, -8, 6, 7, 2, 8, 3, 0]--- 14 points removed --- 32 33 36 37 40 48 96 97 100 101 112 160 164 224 
[3, -5, -3, 1, 2, -4, 8, -5, 11]--- 14 points removed --- 37 69 77 85 97 100 101 109 113 117 125 229 237 245 
[5, 8, 4, 2, -3, 7, 4, -6, 1]--- 14 points removed --- 1 3 8 9 11 13 17 25 27 33 41 57 137 153 
[-5, 1, -5, 1, 8, 7, 7, 8, 2]--- 14 points removed --- 32 48 96 112 128 144 160 162 164 176 192 208 224 240 
[-4, 7, 7, -5, 4, 8, 1, 3, 1]--- 14 points removed --- 16 17 18 128 130 144 145 146 147 152 153 154 176 208 
[2, 2, 5, 4, -3, -3, 3, 1, 1]--- 14 points removed --- 4 5 8 9 12 13 14 15 28 76 77 140 141 204 
[-5, 7, 4, -7, 3, 8, 4, 1, 4]--- 14 points removed --- 16 17 128 144 145 146 147 152 153 154 176 177 184 208 
[2, -4, 8, -5, 3, -5, -3, 1, 11]--- 14 points removed --- 22 23 70 82 84 85 86 87 94 95 212 214 215 222 
[6, 5, 5, 6, -3, 1, -3, 1, 0]--- 14 points removed --- 2 3 6 7 8 9 10 11 12 13 14 15 42 74 
[5, -7, -3, 1, 4, -4, 8, -7, 13]--- 14 points removed --- 37 65 69 77 85 97 100 101 109 113 117 125 229 245 
[-1, 6, 6, 8, -4, 1, -4, -8, 10]--- 14 points removed --- 3 7 9 11 13 15 131 135 137 139 141 143 171 203 
[2, 1, -8, 3, 7, 5, 8, 6, 0]--- 14 points removed --- 32 33 36 40 48 96 97 100 112 160 164 176 224 240 
[-1, 6, 5, -7, 7, 8, 5, 2, 0]--- 14 points removed --- 16 17 18 48 80 128 144 145 146 147 152 176 177 208 
[7, 2, 8, 3, 5, 1, -8, 6, 0]--- 14 points removed --- 2 3 6 7 10 14 18 22 66 70 74 82 86 130 
[6, 4, 5, -7, 8, 2, -1, 8, 0]--- 14 points removed --- 2 16 18 20 22 48 50 54 80 82 84 86 144 146 
[3, -2, -5, -8, -1, 8, 6, 4, 9]--- 14 points removed --- 48 56 57 80 88 112 113 120 121 122 176 184 240 248 
[5, -7, -2, 4, 8, 7, 4, 3, 1]--- 14 points removed --- 32 64 65 66 80 96 97 98 99 100 112 113 192 224 
[3, 6, 1, 2, -3, 5, 5, -4, 1]--- 14 points removed --- 1 8 9 11 13 17 25 33 40 41 57 137 153 169 
[3, 8, 4, 1, -3, 5, 2, -5, 2]--- 14 points removed --- 1 3 8 9 11 13 17 25 27 41 57 137 139 153 
[8, 2, -1, 8, 6, 3, 5, -7, 0]--- 14 points removed --- 1 3 5 9 32 33 35 37 41 65 69 97 99 101 
[-2, 8, 6, 6, -7, -1, 2, -7, 9]--- 14 points removed --- 9 11 13 15 133 137 139 140 141 143 153 157 169 173 
[2, 8, 3, 1, -4, 5, 3, -5, 3]--- 14 points removed --- 1 8 9 11 13 17 25 27 41 57 137 139 153 169 
[-5, -1, 2, -5, -2, 6, 4, 4, 7]--- 14 points removed --- 88 144 152 153 154 176 184 200 208 216 217 218 240 248 
[-5, 1, -3, -8, -1, 7, 7, 8, 9]--- 14 points removed --- 48 56 112 120 144 152 176 184 186 188 208 216 240 248 
[6, 4, 8, 5, 2, 1, -8, 3, 1]--- 14 points removed --- 2 3 6 7 10 11 14 15 18 22 66 70 74 130 
[-5, 4, 3, -5, 1, 6, 3, 2, 4]--- 14 points removed --- 16 128 144 145 146 147 152 153 154 176 177 184 208 216 
[5, 8, 3, 2, -1, 4, 3, -5, 0]--- 14 points removed --- 1 3 5 8 9 11 13 17 25 27 33 41 57 137 
[6, 5, 5, 2, 4, -3, -3, 1, 0]--- 14 points removed --- 2 3 4 5 6 7 14 15 18 20 22 23 38 70 
[-3, 6, 4, -6, 5, 8, 4, 2, 1]--- 14 points removed --- 16 17 18 48 128 144 145 146 147 152 153 176 177 208 
[-4, 7, 6, -7, 4, 8, 3, 1, 3]--- 14 points removed --- 16 17 18 128 144 145 146 147 152 153 154 176 177 208 
[8, 1, -2, 8, 6, 3, 4, -5, 0]--- 14 points removed --- 1 3 5 32 33 35 37 41 65 69 96 97 99 101 
[3, -3, 6, -5, 5, -4, -1, 2, 7]--- 14 points removed --- 20 22 23 70 80 82 84 85 86 87 94 212 214 215 
[4, -4, 8, -6, 5, -6, -2, 1, 11]--- 14 points removed --- 20 22 23 70 82 84 85 86 87 94 95 212 214 215 
[-1, 8, 6, 4, 3, -2, -5, -8, 9]--- 14 points removed --- 3 5 7 11 15 23 131 133 135 139 143 147 151 167 
[8, 7, 4, 3, 5, -7, -1, 4, 0]--- 14 points removed --- 2 4 5 6 7 12 14 20 22 23 36 38 54 70 
[5, -4, -4, 2, 8, 6, 6, 3, 0]--- 14 points removed --- 32 33 48 64 65 80 96 97 98 100 112 113 224 240 
[1, 8, 4, 3, -7, 5, 4, -7, 6]--- 14 points removed --- 1 8 9 11 13 25 27 41 57 137 139 141 153 169 
[-5, 7, 2, -7, 5, 8, 6, 1, 4]--- 14 points removed --- 16 17 48 128 144 145 146 147 152 153 176 177 184 208 
[4, 8, 3, 2, -4, 6, 5, -7, 3]--- 14 points removed --- 1 8 9 11 13 17 25 27 33 41 57 137 153 169 
[5, 1, -2, 8, 5, -1, 5, -2, 0]--- 13 points removed --- 1 4 5 32 33 36 37 65 69 96 97 100 101 
[6, -2, 6, -5, 6, 2, 1, 8, 0]--- 13 points removed --- 16 18 20 22 64 66 80 82 84 86 88 112 208 
[-2, -4, -3, 2, -1, 3, -5, -4, 14]--- 13 points removed --- 99 107 123 171 195 203 227 231 234 235 239 243 251 
[2, -8, 1, 3, 8, 8, 6, 5, 0]--- 13 points removed --- 64 65 66 80 96 97 98 112 192 193 208 224 240 
[-1, 2, -4, -3, -2, -3, -3, 1, 12]--- 13 points removed --- 54 62 63 126 174 182 183 186 188 190 191 254 255 
[8, 8, 5, 6, 3, -8, 1, 2, 0]--- 13 points removed --- 4 5 6 7 12 13 14 15 20 22 36 37 38 
[-3, -4, -3, 2, -1, 2, -5, -4, 15]--- 13 points removed --- 99 107 171 195 203 227 231 234 235 239 243 251 255 
[-1, -7, 2, 2, 7, 7, 8, 6, 0]--- 13 points removed --- 64 65 80 96 112 128 192 193 196 200 208 224 240 
[-3, -4, -4, 1, -1, 3, -5, -4, 16]--- 13 points removed --- 99 107 123 171 203 227 231 234 235 239 243 251 255 
[4, -3, 7, -8, 8, -2, 1, 5, 6]--- 13 points removed --- 16 18 20 22 80 82 84 85 86 87 208 212 214 
[5, 2, 1, 8, 5, -2, 5, -4, 0]--- 13 points removed --- 1 4 5 7 13 33 36 37 65 69 97 101 133 
[-1, 3, -7, -4, -2, -4, -3, 2, 16]--- 13 points removed --- 54 60 62 63 126 174 182 183 186 188 190 191 254 
[6, 8, 5, 6, -6, 3, 2, -1, 0]--- 13 points removed --- 1 8 9 10 11 12 13 14 15 25 40 41 137 
[3, -8, 1, 2, 7, 7, 4, 5, 1]--- 13 points removed --- 64 65 66 80 82 96 97 98 112 192 208 224 240 
[7, 7, 8, 6, -1, -7, 2, 2, 0]--- 13 points removed --- 4 5 6 7 8 12 13 14 15 20 28 76 140 
[7, 8, 5, 4, 2, -8, 1, 3, 1]--- 13 points removed --- 4 5 6 7 12 13 14 15 20 22 28 36 38 
[-1, 2, -5, -4, -3, -4, -3, 2, 15]--- 13 points removed --- 54 60 62 63 126 174 182 186 188 190 191 254 255 
[8, -2, 1, 6, 5, -4, 8, -8, 6]--- 13 points removed --- 1 5 13 33 37 65 69 77 85 97 101 109 117 
[-2, 4, 4, 6, -5, 2, -1, -6, 8]--- 13 points removed --- 9 11 13 15 131 137 139 141 143 169 171 201 203 
[-5, 2, -1, -6, -2, 4, 4, 6, 8]--- 13 points removed --- 56 144 152 154 156 176 184 186 188 208 216 240 248 
[5, 5, 4, 6, 2, -5, 2, -1, 0]--- 13 points removed --- 1 4 5 6 7 12 13 14 15 36 37 69 133 
[5, -1, 5, -2, 5, 1, -2, 5, 0]--- 13 points removed --- 2 6 16 18 20 22 64 66 70 80 82 84 86 
[2, -7, 2, -1, 7, 7, 6, 8, 0]--- 13 points removed --- 16 64 66 80 82 84 88 96 112 192 208 224 240 
[-6, 3, 2, -1, 6, 7, 5, 6, 0]--- 13 points removed --- 16 128 130 144 145 146 152 160 176 192 208 224 240 
[1, 4, 8, 6, -7, -7, 7, 3, 6]--- 12 points removed --- 4 8 12 13 14 28 76 77 140 141 156 204 
[8, 7, 5, 8, -7, 3, -1, 3, 0]--- 12 points removed --- 2 8 9 10 11 12 13 14 15 40 42 74 
[6, 7, 8, 7, 2, 2, -8, 1, 0]--- 12 points removed --- 2 3 6 7 10 11 14 15 18 66 130 131 
[8, 6, 7, 8, -1, 2, -7, 2, 0]--- 12 points removed --- 2 3 6 7 8 10 11 14 15 42 66 74 
[6, 8, -1, 5, -5, 8, 8, -2, 0]--- 12 points removed --- 1 8 9 25 32 33 40 41 56 57 137 169 
[5, 2, -8, 5, 4, 2, 8, 1, 2]--- 12 points removed --- 32 33 36 37 40 41 48 96 97 100 101 160 
[8, -2, 7, 1, 7, 2, -6, 8, 0]--- 12 points removed --- 2 6 18 22 64 66 70 74 80 82 86 98 
[-2, 5, 6, 4, 2, 1, -6, -5, 7]--- 12 points removed --- 3 7 11 15 130 131 135 139 143 147 151 195 
[7, 8, 6, 8, 2, 2, -1, -7, 0]--- 12 points removed --- 1 2 3 5 7 9 11 13 15 33 35 131 
[-4, -4, 4, 2, 1, 2, 5, 3, 3]--- 12 points removed --- 64 128 192 193 196 200 201 204 208 212 216 224 
[5, 2, -4, 6, 6, -2, 5, 1, 0]--- 12 points removed --- 4 5 32 33 36 37 38 96 97 100 101 164 
[2, 2, -8, 1, 6, 7, 8, 7, 0]--- 12 points removed --- 32 33 36 40 48 56 96 112 160 176 224 240 
[-3, 2, 2, 5, -4, 3, -1, -5, 8]--- 12 points removed --- 9 11 131 137 139 141 143 169 171 201 203 235 
[4, 2, 5, -1, 6, 2, -5, 6, 0]--- 12 points removed --- 2 6 16 18 22 50 66 70 82 86 130 146 
[8, 3, -7, 8, 5, 3, 7, -1, 0]--- 12 points removed --- 1 32 33 35 36 37 40 41 96 97 100 101 
[-3, 6, 6, -2, 4, 6, -1, 3, 0]--- 12 points removed --- 2 16 18 128 130 131 144 145 146 147 152 154 
[-7, 5, -2, -8, -5, 3, 3, 8, 14]--- 12 points removed --- 56 144 152 154 156 176 184 186 188 190 216 248 
[2, 2, -1, -7, 7, 8, 6, 8, 0]--- 12 points removed --- 16 18 32 48 50 56 80 112 144 176 208 240 
[3, 2, -8, -6, -1, 7, 8, 7, 7]--- 12 points removed --- 32 40 48 56 57 60 112 120 176 184 240 248 
[2, 1, -6, -5, -2, 5, 6, 4, 7]--- 12 points removed --- 40 48 56 57 60 112 120 121 176 184 240 248 
[6, 4, -7, 8, 8, -1, 7, 2, 0]--- 12 points removed --- 4 32 33 36 37 38 96 97 100 101 160 164 
[6, 2, 8, 1, 7, 4, -8, 7, 0]--- 12 points removed --- 2 3 6 10 18 22 66 70 82 86 130 146 
[-1, 7, 8, 7, 4, 2, -8, -6, 7]--- 12 points removed --- 2 3 7 11 15 130 131 135 139 143 147 195 
[-5, 2, -1, 2, 8, 5, 4, 6, 0]--- 12 points removed --- 32 128 130 144 160 162 164 176 192 208 224 240 
[6, -1, 5, 2, 4, 2, -5, 6, 0]--- 12 points removed --- 2 6 10 18 22 64 66 70 74 82 86 98 
[-1, 2, -5, 2, 8, 4, 5, 8, 0]--- 12 points removed --- 32 36 48 96 112 128 160 162 164 176 224 240 
[-2, 6, 7, 8, -1, 2, -7, -8, 10]--- 12 points removed --- 3 7 11 15 131 135 137 139 143 171 195 203 
[-2, 4, 6, 5, 1, 2, -6, -5, 7]--- 12 points removed --- 3 7 11 15 130 131 135 139 143 147 195 203 
[1, 2, -6, -5, -2, 4, 6, 5, 7]--- 12 points removed --- 40 48 56 57 60 112 120 176 184 188 240 248 
[-1, 2, -5, -6, -2, 4, 5, 8, 8]--- 12 points removed --- 48 56 60 112 120 152 176 184 186 188 240 248 
[-4, -4, -5, 2, -2, -1, -3, -1, 16]--- 11 points removed --- 227 230 231 234 235 237 238 239 251 254 255 
[3, -5, -3, -1, 2, -2, 5, -5, 11]--- 11 points removed --- 69 85 97 101 109 113 117 121 125 229 245 
[-3, 8, 5, -8, 3, 8, 5, -1, 5]--- 11 points removed --- 16 17 25 144 145 146 147 152 153 176 177 
[5, 8, 3, -2, -5, 8, 4, -8, 7]--- 11 points removed --- 1 9 11 17 25 27 41 57 59 137 153 
[8, 8, 6, 8, -8, 2, 1, 1, 0]--- 11 points removed --- 8 9 10 11 12 13 14 15 40 41 42 
[2, 8, 3, -1, -2, 6, 3, -5, 3]--- 11 points removed --- 1 9 11 17 25 27 41 57 137 145 153 
[-4, 1, 2, 8, -3, 4, -2, -6, 10]--- 11 points removed --- 11 131 137 139 143 169 171 195 201 203 235 
[-8, 3, 5, -8, -3, 4, 5, 2, 12]--- 11 points removed --- 144 145 152 153 154 156 157 184 208 216 217 
[-2, -1, -3, -1, -4, -4, -5, 2, 16]--- 11 points removed --- 62 110 126 174 190 191 222 238 239 254 255 
[-3, 5, 2, -5, 3, 5, 2, -1, 4]--- 11 points removed --- 16 17 144 145 146 147 152 153 176 177 179 
[8, 2, 8, -6, 7, -2, 1, 8, 0]--- 11 points removed --- 4 6 16 18 20 22 28 80 82 84 86 
[-2, 1, -7, -2, -3, -3, -3, 2, 16]--- 11 points removed --- 62 126 174 182 186 188 190 191 238 254 255 
[-3, -3, -3, 2, -2, 1, -7, -2, 16]--- 11 points removed --- 107 171 203 227 231 234 235 238 239 251 255 
[-8, 2, 1, 1, 8, 8, 6, 8, 0]--- 11 points removed --- 128 130 144 146 160 162 176 192 208 224 240 
[-5, 6, 7, 1, -8, 2, 7, -8, 13]--- 11 points removed --- 9 13 25 137 139 141 153 157 169 201 217 
[-4, 6, -3, -8, -6, 1, 3, 8, 14]--- 11 points removed --- 56 60 152 154 156 176 184 186 188 190 248 
[4, -2, -4, -8, -2, 5, 3, 1, 11]--- 11 points removed --- 48 56 57 88 112 113 120 121 122 123 248 
[6, -3, 1, 8, 8, 2, 8, -5, 1]--- 11 points removed --- 1 5 33 37 64 65 69 96 97 101 193 
[-2, 8, 3, 1, 4, -2, -4, -8, 11]--- 11 points removed --- 3 7 23 131 133 135 143 147 151 167 183 
[2, -2, 8, -5, 3, -5, -3, -1, 11]--- 11 points removed --- 22 23 84 85 86 87 94 95 151 214 215 
[-2, 2, 4, -1, -3, 2, 4, -3, 5]--- 10 points removed --- 9 25 137 141 145 152 153 157 201 217 
[-7, -6, 7, -2, -7, 8, 7, 1, 14]--- 10 points removed --- 88 152 153 200 201 208 216 217 218 248 
[-1, 4, -2, -4, -4, -1, 2, 4, 8]--- 10 points removed --- 28 56 60 62 152 156 184 186 188 190 
[-7, -7, 5, -3, -4, 8, 5, 4, 13]--- 10 points removed --- 88 152 192 200 201 208 216 217 218 248 
[-3, 4, 2, -1, 8, -2, -8, -7, 16]--- 10 points removed --- 7 23 131 135 147 151 167 179 183 215 
[-4, -1, 2, 4, -1, 4, -2, -4, 8]--- 10 points removed --- 131 137 139 171 193 195 201 203 227 235 
[-2, 8, 4, 1, 8, 5, -3, 2, 0]--- 10 points removed --- 2 3 18 128 130 131 144 146 147 162 
[-3, -3, -6, 2, -2, -2, -4, 1, 16]--- 10 points removed --- 110 174 230 231 234 235 238 239 254 255 
[-2, -2, -4, 1, -3, -3, -4, 2, 14]--- 10 points removed --- 110 126 174 190 230 234 238 239 254 255 
[8, 8, -3, 2, -2, 8, 4, 1, 0]--- 10 points removed --- 8 9 32 33 40 41 42 48 56 57 
[2, 3, 4, 1, -2, -3, 3, 3, 1]--- 10 points removed --- 4 8 12 13 14 20 28 76 140 156 
[5, -2, -5, -5, -3, 4, 2, -1, 11]--- 10 points removed --- 56 57 59 112 113 120 121 122 123 125 
[-4, 8, 7, 4, -7, -6, 7, -3, 12]--- 10 points removed --- 12 13 133 137 140 141 143 156 157 173 
[-7, 6, 8, -7, -6, 2, 8, -1, 13]--- 10 points removed --- 25 137 144 145 152 153 156 157 216 217 
[-3, 4, -6, -4, -4, -2, -1, 4, 15]--- 10 points removed --- 60 62 174 182 184 186 188 190 191 254 
[-7, 8, 6, 2, -7, -5, 7, -5, 16]--- 10 points removed --- 13 133 137 140 141 143 153 156 157 173 
[-6, -7, 7, 7, 2, 7, 8, 1, 5]--- 10 points removed --- 64 65 128 192 193 196 200 201 208 224 
[-4, -3, -1, 4, -2, 4, -7, -4, 16]--- 10 points removed --- 107 139 171 195 203 227 234 235 239 251 
[-3, 4, 7, 3, 4, 4, -6, -1, 5]--- 9 points removed --- 2 3 130 131 135 139 146 147 195 
[-1, 3, 4, -2, -2, 3, 4, -3, 4]--- 9 points removed --- 9 17 25 137 145 152 153 157 217 
[-2, 3, 4, -3, -1, 3, 4, -2, 4]--- 9 points removed --- 17 25 137 144 145 152 153 157 217 
[5, -5, -5, -4, 4, 8, 8, 3, 6]--- 9 points removed --- 48 80 96 97 112 113 120 121 240 
[-1, -2, -2, -2, -4, -5, -4, 3, 16]--- 9 points removed --- 62 94 110 126 190 222 238 254 255 
[-4, -4, -5, 3, -1, -2, -2, -2, 16]--- 9 points removed --- 227 229 230 231 235 237 238 239 255 
[-1, 3, 5, 2, -5, -5, 5, 2, 6]--- 9 points removed --- 12 13 28 76 140 141 156 157 204 
[8, -1, 7, 8, -2, -8, 6, -6, 9]--- 9 points removed --- 5 12 13 15 69 76 77 79 109 
[4, 3, -2, 4, 1, 3, 3, -2, 0]--- 9 points removed --- 1 9 32 33 35 37 40 41 97 
[-2, -8, 2, -2, 8, -1, 3, 4, 9]--- 9 points removed --- 80 84 192 196 208 212 214 240 244 
[2, 4, 8, 1, 3, -3, -3, -2, 4]--- 9 points removed --- 3 5 6 7 15 22 23 135 151 
[3, 3, -1, 8, 4, -3, 2, 2, 0]--- 9 points removed --- 4 5 6 32 36 37 38 100 164 
[-8, -5, 5, 2, -1, 3, 5, 2, 9]--- 9 points removed --- 192 193 196 200 201 204 208 216 217 
[5, 5, -8, 4, 3, 5, 8, 4, 0]--- 9 points removed --- 32 33 36 40 41 48 56 96 160 
[-3, 1, 3, 2, -8, 3, 2, -8, 15]--- 9 points removed --- 9 137 139 141 153 169 201 203 217 
[-7, -3, -4, 4, 1, -2, -2, -2, 16]--- 9 points removed --- 167 227 229 230 231 235 237 238 239 
[-5, 5, 8, 3, 5, 4, -8, -4, 9]--- 9 points removed --- 3 130 131 135 139 146 147 151 195 
[-4, 3, 2, -4, -3, 1, 3, 2, 7]--- 9 points removed --- 144 152 153 154 156 157 184 188 216 
[8, -5, 4, 4, 5, 5, -3, 8, 0]--- 9 points removed --- 2 64 66 70 74 80 82 96 98 
[1, -2, -2, -2, -6, -3, -5, 8, 16]--- 9 points removed --- 62 94 110 122 126 190 222 238 254 
[-3, 1, 8, -2, -3, 3, 4, -2, 6]--- 9 points removed --- 25 137 145 152 153 157 201 216 217 
[-3, 3, 4, -2, -3, 1, 4, -2, 6]--- 9 points removed --- 25 137 141 145 152 153 156 157 217 
[1, 3, 8, 2, 3, 3, -4, 2, 0]--- 9 points removed --- 2 3 6 10 18 66 130 131 146 
[4, 3, -8, -3, -4, 4, 6, 2, 9]--- 9 points removed --- 40 41 48 56 57 60 120 121 184 
[3, 3, -4, -1, -2, 3, 8, 2, 3]--- 9 points removed --- 32 40 41 48 56 57 60 120 184 
[1, 3, 3, -2, 8, 3, -2, 8, 0]--- 9 points removed --- 2 16 18 22 50 82 130 144 146 
[-5, 8, 5, -4, -8, -4, 8, 3, 13]--- 8 points removed --- 28 140 141 152 153 156 157 188 
[-1, -8, 7, -7, 8, -6, 2, 8, 14]--- 8 points removed --- 80 84 86 196 208 212 214 244 
[-8, 8, 4, -5, 8, 5, -3, -4, 12]--- 8 points removed --- 131 144 145 146 147 151 177 179 
[8, 8, -2, 7, -7, 8, 5, 3, 1]--- 8 points removed --- 8 9 10 32 40 41 42 56 
[-4, 8, 3, -5, -8, -4, 8, 5, 13]--- 8 points removed --- 28 60 140 152 156 157 184 188 
[3, -2, -8, -3, -4, 8, -1, -2, 16]--- 8 points removed --- 57 59 107 120 121 122 123 251 
[-8, 8, -1, -2, 3, -2, -4, -3, 16]--- 8 points removed --- 135 147 151 167 179 182 183 191 
[-8, -3, 4, 3, -1, 4, 2, -2, 10]--- 8 points removed --- 137 192 193 195 200 201 203 217 
[-1, 4, 2, -2, -4, -3, 4, 3, 6]--- 8 points removed --- 12 28 60 140 152 156 157 188 
[-3, 4, 2, -3, -4, -1, 4, 2, 7]--- 8 points removed --- 28 140 152 153 156 157 184 188 
[8, 2, -3, -2, -8, 4, 3, -1, 10]--- 8 points removed --- 25 40 41 56 57 59 120 121 
[3, 4, -1, -2, 3, -2, -4, 8, 5]--- 8 points removed --- 6 18 22 38 50 54 62 182 
[-4, -3, 4, 2, -2, 8, 3, -1, 6]--- 8 points removed --- 137 192 193 200 201 203 216 217 
[4, -2, 2, 4, -1, -4, 3, -3, 6]--- 8 points removed --- 5 13 69 76 77 79 101 109 
[3, -5, 3, 6, 6, 4, 6, -2, 1]--- 8 points removed --- 1 64 65 69 96 97 192 193 
[-3, 6, 4, -2, -6, -4, 8, 3, 9]--- 8 points removed --- 12 28 140 141 152 156 157 188 
[5, -4, -8, 8, 5, 8, -3, -4, 11]--- 8 points removed --- 33 35 96 97 98 99 107 227 
[4, 1, -3, -3, -8, 8, 2, -2, 12]--- 8 points removed --- 25 41 56 57 59 120 121 123 
[-4, 4, 3, -1, 4, 2, -3, -2, 6]--- 8 points removed --- 130 131 135 145 146 147 151 179 
[-4, -2, 4, 1, -3, 4, 3, -2, 7]--- 8 points removed --- 137 153 193 200 201 203 216 217 
[-8, -1, 8, 6, -7, 8, 6, -7, 15]--- 8 points removed --- 137 139 153 193 200 201 203 217 
[-4, 4, 2, -2, 4, 1, -3, -3, 8]--- 8 points removed --- 131 135 145 146 147 151 179 183 
[-1, 2, 3, -2, 4, -3, -8, -6, 16]--- 8 points removed --- 7 23 87 135 147 151 183 215 
[-3, 8, 2, 2, 4, 8, -1, 3, 0]--- 8 points removed --- 2 128 130 131 144 146 160 162 
[8, 7, 8, -1, 6, -7, 2, 8, 0]--- 8 points removed --- 4 6 12 16 20 22 28 84 
[8, 7, -2, -1, -8, 8, 7, -6, 9]--- 8 points removed --- 9 25 40 41 56 57 59 121 
[8, 4, -4, -5, -8, 8, 3, -7, 16]--- 8 points removed --- 25 27 41 56 57 59 121 123 
[-8, -5, 8, 6, -5, 8, 2, -6, 16]--- 8 points removed --- 137 139 193 195 200 201 203 217 
[6, -5, -8, -6, -1, 4, 5, -2, 16]--- 8 points removed --- 57 112 113 117 120 121 123 125 
[4, 3, -1, -2, -8, 8, 2, -3, 10]--- 8 points removed --- 9 25 27 41 56 57 59 121 
[-8, 8, 5, -4, 8, 5, -4, -3, 11]--- 8 points removed --- 130 131 144 145 146 147 151 179 
[-4, 4, 1, -3, 8, 2, -2, -3, 8]--- 8 points removed --- 131 145 146 147 151 177 179 183 
[2, 4, 8, -2, 1, 4, 8, -3, 1]--- 7 points removed --- 1 9 16 17 25 145 153 
[1, 8, 5, -2, -6, -7, 8, 8, 8]--- 7 points removed --- 12 20 28 60 140 156 188 
[-3, 8, 8, -1, -3, -1, 3, -1, 6]--- 7 points removed --- 137 140 141 152 153 156 157 
[1, -4, 2, -4, -2, -4, -4, 3, 14]--- 7 points removed --- 86 94 95 126 214 222 254 
[-4, -5, 5, 5, 1, 5, 3, -2, 6]--- 7 points removed --- 65 192 193 195 200 201 203 
[4, -4, -4, -3, 1, 2, 4, -2, 9]--- 7 points removed --- 97 112 113 117 120 121 125 
[2, 1, 8, -5, 6, -6, -6, -4, 15]--- 7 points removed --- 7 22 23 86 87 151 215 
[8, -8, -8, -1, 7, 6, 8, -2, 11]--- 7 points removed --- 96 97 101 112 113 117 121 
[-6, 3, -1, -6, 8, 2, -2, -5, 16]--- 7 points removed --- 145 147 151 177 179 183 243 
[-1, -4, 2, -5, -2, -3, -5, 7, 16]--- 7 points removed --- 86 94 126 214 218 222 254 
[8, 3, -2, -5, -7, 4, -1, -6, 16]--- 7 points removed --- 25 27 57 59 63 121 123 
[-1, -4, -4, 2, 2, -4, 3, -4, 13]--- 7 points removed --- 101 109 117 229 231 237 245 
[1, 3, -2, -2, 1, -2, -3, 3, 6]--- 7 points removed --- 22 38 50 54 62 182 190 
[1, -2, -3, -1, -3, 3, -2, -2, 10]--- 7 points removed --- 59 107 121 122 123 235 251 
[1, 4, 4, -3, 2, 4, 4, -2, 1]--- 7 points removed --- 1 16 17 25 144 145 153 
[-3, 3, -2, -2, 1, -2, -3, -1, 10]--- 7 points removed --- 151 167 179 182 183 190 191 
[-5, -1, 5, -3, -6, 5, 5, -1, 11]--- 7 points removed --- 137 152 153 200 201 216 217 
[-2, -5, -5, 3, 1, -4, 2, -4, 16]--- 7 points removed --- 101 109 229 231 237 239 245 
[-2, -4, 4, 4, 2, 4, 3, -1, 3]--- 7 points removed --- 64 65 192 193 195 200 201 
[4, -4, -4, -2, 2, 1, 4, -3, 9]--- 7 points removed --- 97 101 112 113 117 121 125 
[2, -4, 3, -7, -1, -4, -4, 2, 16]--- 7 points removed --- 86 87 94 95 126 214 222 
[-2, -3, -4, 8, -1, -4, 2, -6, 16]--- 7 points removed --- 101 109 173 229 231 237 239 
[3, 4, 6, -2, 6, -6, -6, -3, 11]--- 7 points removed --- 6 7 22 23 87 135 151 
[7, 2, 8, -6, 8, -8, -8, -1, 15]--- 7 points removed --- 6 7 22 23 86 87 151 
[7, -6, -6, -2, 2, 3, 8, -1, 11]--- 7 points removed --- 96 97 112 113 117 120 121 
[1, -2, -3, 3, 1, 3, -2, -2, 6]--- 7 points removed --- 35 97 98 99 107 227 235 
[6, 8, 7, -1, -2, -8, 8, 8, 3]--- 7 points removed --- 4 12 20 28 60 140 156 
[2, 3, 8, -3, 8, -8, -6, -5, 16]--- 7 points removed --- 7 22 23 87 135 151 215 
[-2, -2, 3, 3, -1, -1, 3, 3, 3]--- 6 points removed --- 76 140 192 196 200 204 
[8, -3, 2, -2, 3, -7, 1, -1, 10]--- 6 points removed --- 69 84 85 86 87 117 
[-3, -1, -3, -2, -3, -2, -3, -1, 15]--- 6 points removed --- 190 191 239 251 254 255 
[-1, -1, 3, 3, -2, -2, 3, 8, 3]--- 6 points removed --- 12 76 140 196 200 204 
[-3, -2, -3, -1, -3, -1, -3, -2, 15]--- 6 points removed --- 191 235 239 251 254 255 
[-3, -2, -4, -1, -3, -2, -3, -1, 16]--- 6 points removed --- 191 238 239 251 254 255 
[3, -3, 1, -1, 3, -3, 2, -2, 6]--- 6 points removed --- 69 84 85 87 101 117 
[-3, 2, -1, 3, -3, -1, 3, -3, 8]--- 5 points removed --- 137 141 169 173 237 
[-3, 2, -1, 1, 3, -4, -3, -6, 14]--- 5 points removed --- 135 151 167 183 231 
[-5, -1, 3, -4, -8, 2, -1, 4, 16]--- 5 points removed --- 152 154 216 218 222 
[8, -4, 8, -3, -1, -5, -6, -1, 16]--- 5 points removed --- 79 86 87 94 95 
[8, -1, 8, 4, -5, -5, -3, -6, 15]--- 5 points removed --- 13 15 77 79 95 
[-4, -2, -3, -1, 1, 6, -6, -3, 16]--- 5 points removed --- 179 227 235 243 251 
[8, -5, -5, -5, -5, 4, -1, 1, 16]--- 5 points removed --- 120 121 122 123 126 
[1, 8, -4, -4, -4, -3, -4, -1, 16]--- 5 points removed --- 59 62 63 190 191 
[-1, -5, -5, -1, 5, -5, 8, -4, 16]--- 5 points removed --- 101 117 229 244 245 
[-4, -6, -1, -8, 4, -1, 8, 3, 16]--- 5 points removed --- 208 212 240 244 245 
