[5, 8, 8, 2, -3, -1, -3, 2, 0]--- 23 points removed --- 2 3 4 6 7 8 9 10 11 12 13 14 15 18 22 24 26 27 28 30 31 138 142 
[-1, -3, -3, 5, 8, 2, 8, 2, 0]--- 23 points removed --- 32 33 36 64 65 68 96 97 100 101 112 128 160 161 164 192 193 196 224 225 228 229 240 
[-4, 3, 3, 8, 3, -4, 3, 5, 0]--- 22 points removed --- 4 6 12 36 68 128 130 132 133 134 136 140 142 160 164 166 172 192 196 198 204 228 
[8, 6, 6, 5, -3, 0, -4, -2, 1]--- 22 points removed --- 1 2 3 5 6 7 8 9 10 11 12 13 14 15 26 27 30 31 43 47 75 79 
[-2, -2, -4, 5, 8, 3, 8, 3, 0]--- 21 points removed --- 32 33 36 64 96 97 100 112 128 160 161 164 176 192 193 196 224 225 228 229 240 
[7, 8, 8, 1, -3, -2, -3, 4, 0]--- 21 points removed --- 2 4 6 7 8 10 11 12 13 14 15 18 20 22 24 26 27 28 30 31 142 
[1, -3, -3, 4, 8, 1, 8, 2, 0]--- 21 points removed --- 32 33 36 64 65 68 96 97 100 101 112 116 160 164 192 196 224 225 228 229 240 
[-2, -4, -2, 5, 8, 3, 8, 3, 0]--- 21 points removed --- 32 64 65 68 96 97 100 112 128 160 161 164 192 193 196 208 224 225 228 229 240 
[8, 5, 5, 5, -2, -1, -2, -2, 0]--- 21 points removed --- 1 2 3 4 5 6 7 8 9 10 11 12 13 14 15 27 31 43 47 75 79 
[5, 8, 8, 2, -4, 1, -4, 3, 0]--- 21 points removed --- 2 3 6 8 9 10 11 12 14 15 18 22 24 26 27 28 30 31 138 142 154 
[8, 7, 7, -1, -3, -1, -3, 5, 0]--- 21 points removed --- 2 4 6 8 10 11 12 14 15 16 18 20 22 24 26 27 28 30 31 62 94 
[5, 8, 8, 3, -2, -2, -4, 3, 0]--- 21 points removed --- 2 3 4 6 7 8 10 11 12 13 14 15 18 22 26 28 30 31 134 138 142 
[-2, -3, -3, 7, 8, 1, 8, 4, 0]--- 21 points removed --- 32 36 64 68 96 97 100 101 128 132 160 161 164 192 193 196 224 225 228 229 240 
[-4, -2, -2, 5, 8, 3, 8, 3, 0]--- 21 points removed --- 32 64 96 97 100 128 129 132 160 161 164 176 192 193 196 208 224 225 228 229 240 
[5, 8, 8, 3, -4, -2, -2, 3, 0]--- 21 points removed --- 2 4 6 7 8 9 10 11 12 13 14 15 22 24 26 28 30 31 138 140 142 
[-2, -3, -3, 7, 8, 4, 8, 1, 0]--- 21 points removed --- 32 33 64 65 96 97 100 101 128 129 160 161 164 192 193 196 224 225 228 229 240 
[5, 8, 8, 3, -2, -4, -2, 3, 0]--- 21 points removed --- 2 4 5 6 7 8 10 11 12 13 14 15 20 22 26 28 30 31 134 140 142 
[7, 8, 8, 4, -3, -2, -3, 1, 0]--- 21 points removed --- 2 3 4 5 6 7 8 9 10 11 12 13 14 15 22 26 27 28 30 31 142 
[8, 5, 6, 6, -2, 1, -3, -3, 0]--- 21 points removed --- 1 2 3 5 6 7 8 9 10 11 12 13 14 15 27 31 43 47 67 75 79 
[8, 7, 7, 5, -3, -1, -3, -1, 0]--- 21 points removed --- 1 2 3 4 5 6 7 8 9 10 11 12 13 14 15 26 27 30 31 47 79 
[8, 5, 6, 6, -3, -1, -2, -3, 1]--- 21 points removed --- 1 2 3 5 6 7 8 9 10 11 12 13 14 15 27 31 43 47 75 77 79 
[8, 6, 5, 6, -2, -1, -3, -3, 1]--- 21 points removed --- 1 2 3 5 6 7 8 9 10 11 12 13 14 15 27 31 39 43 47 75 79 
[8, 6, 5, 6, -3, 1, -2, -3, 0]--- 21 points removed --- 1 2 3 5 6 7 8 9 10 11 12 13 14 15 27 31 41 43 47 75 79 
[4, 7, 7, 3, -1, -1, -5, 3, 0]--- 20 points removed --- 2 3 4 6 7 8 10 11 12 14 15 18 22 26 30 31 130 134 138 142 
[-8, 1, 1, 4, 6, 4, 6, 2, 1]--- 20 points removed --- 128 129 130 132 133 136 144 145 160 161 164 176 192 193 196 208 224 225 228 240 
[0, -4, -1, 3, 8, 2, 8, 2, 0]--- 20 points removed --- 32 64 65 68 80 96 97 100 101 112 160 192 193 196 208 224 225 228 229 240 
[5, 8, 8, 4, -1, -6, -1, 3, 0]--- 20 points removed --- 2 4 5 6 7 8 10 12 13 14 15 20 22 28 30 31 132 134 140 142 
[-5, 2, 2, 8, 4, -3, 4, 7, 0]--- 20 points removed --- 4 36 68 128 130 132 133 134 136 140 160 164 166 172 192 196 198 204 224 228 
[-5, 4, 4, 8, 2, -3, 2, 7, 0]--- 20 points removed --- 4 6 12 128 130 132 133 134 136 138 140 142 160 164 166 172 192 196 198 204 
[5, 8, 8, 3, -2, -1, -5, 3, 0]--- 20 points removed --- 2 3 4 6 7 8 10 11 12 14 15 18 22 26 27 30 31 134 138 142 
[5, 7, 7, 5, 1, -8, 1, 2, 0]--- 20 points removed --- 4 5 6 7 12 13 14 15 20 21 22 28 30 36 68 132 133 134 140 142 
[8, 6, 7, 7, -3, -1, -1, -3, 0]--- 20 points removed --- 1 2 3 4 5 6 7 8 9 10 11 12 13 14 15 31 47 75 77 79 
[3, 8, 5, 2, -1, 0, -4, 2, 0]--- 20 points removed --- 2 3 6 7 8 10 11 12 14 15 18 22 26 27 30 31 130 134 138 142 
[4, 8, 8, 3, -2, 1, -6, 4, 0]--- 20 points removed --- 2 3 6 7 8 10 11 12 14 15 18 22 26 27 30 130 134 138 142 154 
[-3, 2, 2, 8, 4, -5, 4, 6, 0]--- 20 points removed --- 4 6 12 36 68 100 128 132 133 134 140 160 164 166 172 192 196 198 204 228 
[1, -5, -2, 4, 7, 2, 7, 3, 0]--- 20 points removed --- 32 64 65 68 80 96 97 100 101 112 116 160 192 193 196 224 225 228 229 240 
[4, 8, 8, 3, -5, -1, -1, 3, 0]--- 20 points removed --- 2 4 6 8 9 10 11 12 13 14 15 24 26 28 30 31 136 138 140 142 
[5, 8, 8, 2, -5, 1, -3, 3, 0]--- 20 points removed --- 2 6 8 9 10 11 12 13 14 15 18 24 26 27 28 30 31 138 142 154 
[1, -2, -6, 4, 8, 3, 8, 4, 0]--- 20 points removed --- 32 33 36 48 64 96 97 100 101 112 116 160 161 164 176 192 224 225 228 240 
[-5, -1, -1, 4, 7, 3, 7, 3, 0]--- 20 points removed --- 32 64 96 128 129 132 144 160 161 164 176 192 193 196 208 224 225 228 229 240 
[-3, 4, 4, 8, 2, -5, 2, 7, 0]--- 20 points removed --- 4 6 12 14 36 68 128 130 132 133 134 136 140 142 164 166 172 196 198 204 
[4, 8, 8, 2, -2, 1, -5, 3, 0]--- 20 points removed --- 2 3 6 7 8 10 11 12 14 15 18 22 26 27 30 31 130 138 142 154 
[1, -2, -5, 4, 8, 2, 8, 3, 0]--- 20 points removed --- 32 33 36 48 64 96 97 100 101 112 116 160 161 164 192 224 225 228 229 240 
[3, 5, 5, 2, -4, 0, -1, 2, 0]--- 20 points removed --- 2 6 8 9 10 11 12 13 14 15 24 26 27 28 30 31 136 138 140 142 
[8, 7, 6, 7, -1, -1, -3, -3, 0]--- 20 points removed --- 1 2 3 4 5 6 7 8 9 10 11 12 13 14 15 31 39 43 47 79 
[0, -1, -7, 5, 8, 4, 8, 3, 0]--- 20 points removed --- 32 33 36 48 64 96 97 100 101 112 160 161 164 176 192 224 225 228 229 240 
[4, 8, 8, 2, -5, 1, -2, 3, 0]--- 20 points removed --- 2 6 8 9 10 11 12 13 14 15 24 26 27 28 30 31 136 138 142 154 
[-1, -1, -5, 4, 8, 3, 8, 3, 0]--- 20 points removed --- 32 33 36 48 64 96 97 100 112 128 160 161 164 176 192 224 225 228 229 240 
[-1, -2, -5, 5, 8, 3, 8, 3, 0]--- 20 points removed --- 32 33 36 64 96 97 100 101 112 128 160 161 164 176 192 224 225 228 229 240 
[-1, -6, -1, 5, 8, 3, 8, 4, 0]--- 20 points removed --- 32 64 65 68 80 96 97 100 112 128 160 192 193 196 208 224 225 228 229 240 
[1, -5, -3, 5, 8, 2, 8, 3, 0]--- 20 points removed --- 32 36 64 65 68 96 97 100 101 112 116 160 192 193 196 224 225 228 229 240 
[5, 8, 8, 3, -5, -1, -2, 3, 0]--- 20 points removed --- 2 4 6 8 9 10 11 12 13 14 15 24 26 27 28 30 31 138 140 142 
[1, -3, -5, 5, 8, 2, 8, 3, 0]--- 20 points removed --- 32 33 36 64 68 96 97 100 101 112 116 160 161 164 192 224 225 228 229 240 
[1, -6, -2, 4, 8, 3, 8, 4, 0]--- 20 points removed --- 32 64 65 68 80 96 97 100 101 112 116 160 192 193 196 208 224 225 228 240 
[-1, -5, -2, 5, 8, 3, 8, 3, 0]--- 20 points removed --- 32 64 65 68 96 97 100 101 112 128 160 192 193 196 208 224 225 228 229 240 
[5, 8, 8, 2, -3, 1, -5, 3, 0]--- 20 points removed --- 2 3 6 7 8 10 11 12 14 15 18 22 24 26 27 30 31 138 142 154 
[4, 8, 8, 3, -6, 1, -2, 4, 0]--- 20 points removed --- 2 6 8 9 10 11 12 13 14 15 24 26 27 28 30 136 138 140 142 154 
[4, 8, 8, 2, -5, 2, -3, 4, 0]--- 19 points removed --- 2 6 8 9 10 11 12 14 15 18 24 26 27 28 30 136 138 142 154 
[-4, 5, 5, 8, 1, -3, 1, 6, 0]--- 19 points removed --- 4 6 12 14 128 130 132 133 134 136 138 140 142 164 166 172 196 198 204 
[1, -3, -3, 8, 7, 5, 7, -2, 0]--- 19 points removed --- 1 32 33 64 65 96 97 99 100 101 105 129 160 161 192 193 224 225 229 
[3, 8, 8, 3, -2, -2, -2, 3, 0]--- 19 points removed --- 2 4 6 7 8 10 11 12 13 14 15 22 26 28 30 134 138 140 142 
[-5, 3, 3, 7, 2, -2, 2, 5, 0]--- 19 points removed --- 4 128 130 132 133 134 136 138 140 142 160 164 166 172 192 196 198 204 228 
[-2, -3, -3, 4, 8, 4, 8, 4, 0]--- 19 points removed --- 32 64 96 97 100 112 128 160 161 164 176 192 193 196 208 224 225 228 240 
[-1, -3, -3, 8, 8, 5, 8, -1, 0]--- 19 points removed --- 1 32 33 64 65 96 97 100 101 128 129 160 161 192 193 224 225 228 229 
[1, -3, -4, 8, 7, 5, 7, -1, 0]--- 19 points removed --- 1 32 33 64 65 96 97 99 100 101 105 160 161 192 193 224 225 228 229 
[-2, 3, 3, 8, 2, -5, 2, 5, 0]--- 19 points removed --- 4 6 12 14 36 68 128 132 133 134 140 142 164 166 172 196 198 204 228 
[-3, 1, 1, 8, 5, -4, 5, 6, 0]--- 19 points removed --- 4 36 68 100 128 132 133 134 140 160 164 166 172 192 196 198 204 224 228 
[7, 5, 6, -2, -1, -2, -2, 6, 0]--- 19 points removed --- 2 4 6 8 10 12 14 16 18 20 22 24 26 28 30 31 62 86 94 
[-1, 3, 3, 6, 2, -5, 2, 4, 0]--- 19 points removed --- 4 5 6 12 14 36 68 128 132 133 134 140 142 164 166 172 196 198 204 
[8, 7, 6, -2, -3, -2, -1, 7, 0]--- 19 points removed --- 2 4 6 8 10 12 14 16 18 20 22 24 26 28 30 31 60 62 94 
[-4, 2, 2, 8, 2, -1, 2, 3, 0]--- 19 points removed --- 4 128 129 130 132 133 134 136 140 142 160 164 166 172 192 196 198 204 228 
[-2, 2, 2, 7, 3, -5, 3, 5, 0]--- 19 points removed --- 4 6 12 36 68 100 128 132 133 134 140 142 164 166 172 196 198 204 228 
[4, 8, 8, 2, -3, 2, -5, 4, 0]--- 19 points removed --- 2 3 6 8 10 11 12 14 15 18 22 24 26 27 30 130 138 142 154 
[-1, 2, 2, 6, 2, -4, 2, 3, 0]--- 19 points removed --- 4 5 6 12 36 68 128 132 133 134 140 142 164 166 172 196 198 204 228 
[-1, -3, -3, 8, 8, -1, 8, 5, 0]--- 19 points removed --- 4 32 36 64 68 96 97 100 101 128 132 160 164 192 196 224 225 228 229 
[-6, 2, 2, 8, 3, -2, 3, 5, 1]--- 19 points removed --- 4 128 130 132 133 134 136 140 142 160 164 166 172 192 196 198 204 224 228 
[-1, 3, 3, 8, 4, -7, 4, 6, 0]--- 19 points removed --- 4 5 6 12 36 68 100 128 132 133 134 140 164 166 172 196 198 204 228 
[2, -3, -5, 4, 8, 2, 8, 4, 0]--- 19 points removed --- 32 33 36 48 64 68 96 97 100 101 112 116 160 164 192 224 225 228 240 
[-6, 2, 2, 8, 4, -1, 4, 5, 0]--- 19 points removed --- 4 128 129 130 132 133 134 136 140 160 164 166 172 192 196 198 204 224 228 
[-5, 3, 3, 8, 2, -1, 2, 4, 0]--- 19 points removed --- 4 128 129 130 132 133 134 136 138 140 142 160 164 166 172 192 196 198 204 
[2, -5, -3, 4, 8, 2, 8, 4, 0]--- 19 points removed --- 32 36 64 65 68 80 96 97 100 101 112 116 160 192 196 224 225 228 240 
[-2, -2, -1, -2, 5, 7, 6, 7, 0]--- 18 points removed --- 16 32 48 64 80 96 112 128 144 160 176 192 208 216 224 240 242 248 
[-2, -1, -2, -2, 6, 7, 5, 8, 0]--- 18 points removed --- 16 32 48 64 80 96 112 128 144 160 176 178 192 208 224 240 242 248 
[5, 7, 7, 3, 1, 1, -8, 5, 0]--- 18 points removed --- 2 3 6 7 10 11 14 15 18 22 26 30 34 66 130 134 138 142 
[3, 8, 8, 5, -4, -2, -2, 5, 0]--- 18 points removed --- 2 4 6 8 10 11 12 13 14 15 26 28 30 134 136 138 140 142 
[-3, -1, -3, 5, 7, 4, 8, 2, 0]--- 18 points removed --- 32 33 64 96 97 128 129 160 161 164 176 192 193 224 225 228 229 240 
[-2, -4, -2, 3, 8, 5, 8, 5, 0]--- 18 points removed --- 32 64 80 96 97 100 112 128 160 176 192 193 196 208 224 225 228 240 
[1, 1, -8, 5, 7, 5, 7, 3, 0]--- 18 points removed --- 32 33 34 36 40 48 96 97 100 112 160 161 164 176 224 225 228 240 
[1, -3, -3, 6, 8, -1, 8, 4, 0]--- 18 points removed --- 4 32 36 64 68 96 97 100 101 116 160 164 192 196 224 225 228 229 
[3, 8, 8, 5, -2, -4, -2, 5, 0]--- 18 points removed --- 2 4 6 7 8 10 12 13 14 15 22 28 30 132 134 138 140 142 
[2, -3, -3, 5, 8, -1, 8, 4, 0]--- 18 points removed --- 4 32 36 64 68 96 97 100 101 112 116 160 164 192 196 224 228 229 
[1, -8, 1, 3, 5, 3, 5, 3, 2]--- 18 points removed --- 64 65 66 68 72 80 96 97 100 112 192 193 196 208 224 225 228 240 
[3, 5, 5, 3, -6, 1, 1, 3, 0]--- 18 points removed --- 8 9 10 11 12 13 14 15 24 26 28 30 40 72 136 138 140 142 
[8, 5, 5, 2, -6, -1, -6, -3, 8]--- 18 points removed --- 3 7 9 10 11 13 14 15 26 27 30 31 43 47 63 75 79 95 
[-3, -4, -1, 6, 8, 2, 8, 5, 0]--- 18 points removed --- 32 64 68 96 100 128 132 160 164 192 193 196 208 224 225 228 229 240 
[-4, -2, -2, 3, 8, 5, 8, 5, 0]--- 18 points removed --- 32 64 96 112 128 144 160 161 164 176 192 193 196 208 224 225 228 240 
[-2, -2, -4, 3, 8, 5, 8, 5, 0]--- 18 points removed --- 32 48 64 96 97 100 112 128 160 161 164 176 192 208 224 225 228 240 
[7, 8, 8, -2, -3, 1, -3, 5, 0]--- 18 points removed --- 2 6 8 10 11 12 14 16 18 20 22 24 26 27 28 30 31 154 
[-3, -1, -3, 5, 8, 2, 8, 4, 0]--- 18 points removed --- 32 36 64 96 100 128 132 160 161 164 176 192 196 224 225 228 229 240 
[3, 8, 8, 5, -2, -2, -4, 5, 0]--- 18 points removed --- 2 4 6 7 8 10 11 12 14 15 22 26 30 130 134 138 140 142 
[1, -3, -3, 7, 8, -2, 8, 5, 0]--- 18 points removed --- 4 32 36 64 68 96 97 100 101 116 132 160 164 192 196 224 228 229 
[5, 7, 7, 2, -3, -3, -1, 4, 0]--- 18 points removed --- 2 4 6 8 10 12 13 14 15 20 22 24 26 28 30 31 140 142 
[6, 7, 7, -1, -3, 1, -3, 4, 0]--- 18 points removed --- 2 6 8 10 11 12 14 15 16 18 22 24 26 27 28 30 31 154 
[-3, -4, -1, 6, 8, 5, 8, 2, 0]--- 18 points removed --- 32 64 65 96 97 128 129 160 161 192 193 196 208 224 225 228 229 240 
[5, 8, 8, -1, -3, 2, -3, 4, 0]--- 18 points removed --- 2 6 8 10 11 12 14 16 18 22 24 26 27 28 30 31 138 154 
[5, 7, 8, 2, -1, -3, -3, 4, 0]--- 18 points removed --- 2 4 6 7 8 10 12 14 15 18 20 22 26 28 30 31 134 142 
[6, 8, 8, 5, -4, -3, -1, 2, 0]--- 18 points removed --- 2 4 5 6 7 8 9 10 11 12 13 14 15 28 30 31 140 142 
[6, 8, 8, 5, -1, -3, -4, 2, 0]--- 18 points removed --- 2 3 4 5 6 7 8 10 11 12 13 14 15 22 30 31 134 142 
[-3, 6, 6, 8, 2, -4, -1, 8, 0]--- 17 points removed --- 2 4 6 12 14 128 130 132 134 136 138 140 142 164 166 196 198 
[-3, -1, 2, 8, 5, -3, 5, 8, 0]--- 17 points removed --- 4 36 64 68 100 128 132 134 140 160 164 192 196 198 204 224 228 
[-6, 2, 2, 5, 4, 1, 4, 3, 0]--- 17 points removed --- 128 129 130 132 133 134 136 140 144 160 161 164 192 193 196 224 228 
[-2, 1, -3, -3, 8, 8, 5, 8, 0]--- 17 points removed --- 16 32 48 50 80 96 112 128 144 160 176 178 192 208 224 240 242 
[3, 8, 8, 3, -4, 2, -4, 5, 0]--- 17 points removed --- 2 6 8 10 11 12 14 15 18 24 26 30 130 136 138 142 154 
[8, 5, 8, -3, 1, -2, -3, 8, 0]--- 17 points removed --- 2 4 6 10 12 14 16 18 20 22 24 26 28 30 82 86 94 
[-3, 5, 5, 8, -1, -3, 2, 8, 0]--- 17 points removed --- 4 6 8 12 14 128 130 132 134 136 138 140 142 164 172 196 204 
[2, -4, -1, 8, 7, 7, 6, -3, 0]--- 17 points removed --- 1 32 33 64 65 67 96 97 99 101 105 129 161 192 193 224 225 
[8, 8, 5, -3, -3, -2, 1, 8, 0]--- 17 points removed --- 4 6 8 10 12 14 16 18 20 22 24 26 28 30 56 60 62 
[1, -4, -4, 2, 8, 5, 8, 6, 0]--- 17 points removed --- 32 48 64 80 96 97 100 112 116 160 176 192 208 224 225 228 240 
[2, -1, -3, 8, 5, 6, 6, -3, 0]--- 17 points removed --- 1 32 33 41 64 65 96 97 99 101 105 129 160 161 193 224 225 
[2, 8, 8, 6, -1, -3, -4, 6, 0]--- 17 points removed --- 2 4 6 7 8 10 12 14 15 22 30 130 132 134 138 140 142 
[-3, 2, -1, 8, 5, -3, 5, 8, 0]--- 17 points removed --- 4 32 36 68 100 128 132 134 140 160 164 166 172 192 196 224 228 
[1, 6, 6, 7, 2, -8, 2, 5, 0]--- 17 points removed --- 4 5 6 7 12 13 14 20 36 68 132 133 134 140 142 164 196 
[2, 7, 7, 5, -3, -3, -1, 5, 0]--- 17 points removed --- 2 4 6 8 10 12 13 14 15 28 30 132 134 136 138 140 142 
[2, -4, -4, 3, 8, 3, 8, 5, 0]--- 17 points removed --- 32 36 48 64 68 80 96 97 100 112 116 160 192 224 225 228 240 
[-3, -4, -1, 2, 8, 6, 8, 6, 0]--- 17 points removed --- 32 64 80 96 112 128 144 160 176 192 193 196 208 224 225 228 240 
[2, 8, 8, 5, -4, 1, -4, 6, 0]--- 17 points removed --- 2 6 8 10 11 12 14 15 26 30 130 134 136 138 140 142 154 
[2, 8, 8, 5, -3, -1, -3, 5, 0]--- 17 points removed --- 2 4 6 8 10 11 12 14 15 26 30 130 134 136 138 140 142 
[-2, -3, 1, -3, 5, 8, 8, 8, 0]--- 17 points removed --- 16 48 64 80 88 96 112 128 144 160 176 192 208 216 224 240 248 
[3, 8, 8, 2, -4, 3, -4, 5, 0]--- 17 points removed --- 2 6 8 10 11 12 14 18 24 26 27 30 130 136 138 142 154 
[-3, -1, -3, 2, 8, 5, 8, 5, 0]--- 17 points removed --- 32 48 64 96 112 128 144 160 161 164 176 192 208 224 225 228 240 
[-1, -4, -3, 2, 8, 6, 8, 6, 0]--- 17 points removed --- 32 48 64 80 96 97 100 112 128 160 176 192 208 224 225 228 240 
[3, -4, -4, 3, 8, 2, 8, 5, 0]--- 17 points removed --- 32 36 48 64 68 80 96 97 100 101 112 116 160 192 224 228 240 
[1, -2, -3, -5, 4, -7, 5, -6, 16]--- 16 points removed --- 21 53 61 85 101 116 117 119 125 149 181 213 229 245 247 253 
[2, 1, 1, -5, 3, 4, 3, 4, 0]--- 16 points removed --- 16 17 18 20 24 48 50 56 80 82 88 112 144 176 208 240 
[2, 8, 8, 4, -3, 2, -5, 6, 0]--- 16 points removed --- 2 6 8 10 11 12 14 18 26 30 130 134 136 138 142 154 
[2, -5, -3, 2, 8, 4, 8, 6, 0]--- 16 points removed --- 32 48 64 68 80 96 97 100 112 116 160 192 208 224 228 240 
[-4, -2, 1, 8, 7, -2, 7, 8, 0]--- 16 points removed --- 4 36 64 68 96 100 128 132 160 164 192 196 198 204 224 228 
[-2, -2, -3, 1, 7, 6, 7, 6, 0]--- 16 points removed --- 32 48 64 80 96 112 128 144 160 176 192 208 224 225 228 240 
[2, -3, -5, 2, 8, 4, 8, 6, 0]--- 16 points removed --- 32 36 48 64 80 96 97 100 112 116 160 176 192 224 228 240 
[-2, 7, 7, 8, 1, -4, -2, 8, 0]--- 16 points removed --- 2 4 6 10 12 14 128 130 132 134 136 138 140 142 166 198 
[1, -3, -2, -5, 5, -7, 4, -6, 16]--- 16 points removed --- 21 53 85 87 101 116 117 119 125 149 181 213 229 245 247 253 
[8, 3, 6, 4, -5, -1, -4, -5, 7]--- 16 points removed --- 3 7 9 10 11 13 14 15 27 31 43 47 75 77 79 95 
[1, 8, 8, 5, -2, -2, -2, 5, 0]--- 16 points removed --- 2 4 6 8 10 12 14 15 30 130 132 134 136 138 140 142 
[6, 4, 2, 3, -3, -1, -4, -4, 6]--- 16 points removed --- 3 7 9 10 11 13 14 15 27 31 39 43 47 63 75 79 
[-2, 1, -4, 8, 7, -2, 7, 8, 0]--- 16 points removed --- 4 32 36 68 96 100 128 132 160 164 166 172 192 196 224 228 
[6, 4, 4, -7, 1, 3, 2, 6, 0]--- 16 points removed --- 16 17 18 20 22 24 26 28 30 48 50 56 80 82 88 144 
[4, 2, 2, -7, 3, 6, 3, 6, 0]--- 16 points removed --- 16 17 18 20 24 26 48 50 56 80 82 88 112 144 176 208 
[6, 3, 3, -8, 2, 4, 2, 6, 1]--- 16 points removed --- 16 17 18 20 22 24 26 28 48 50 56 80 82 88 112 144 
[-2, 7, 7, 8, -4, -2, 1, 8, 0]--- 16 points removed --- 4 6 8 10 12 14 128 130 132 134 136 138 140 142 172 204 
[2, 8, 8, 4, -5, 2, -3, 6, 0]--- 16 points removed --- 2 6 8 10 11 12 14 24 26 30 130 136 138 140 142 154 
[1, -4, -3, -3, 4, -6, 2, -5, 15]--- 15 points removed --- 53 85 87 101 103 116 117 119 125 181 213 229 245 247 253 
[-2, 6, 6, 5, -2, 1, -2, 6, 0]--- 15 points removed --- 2 6 8 10 12 14 128 130 132 134 136 138 140 142 154 
[4, 3, 3, -1, -8, -2, -8, -1, 15]--- 15 points removed --- 10 11 14 15 26 27 30 31 47 62 63 79 94 95 159 
[2, -5, 2, 8, 8, 8, 4, -3, 0]--- 15 points removed --- 1 33 64 65 66 67 96 97 99 129 192 193 195 224 225 
[2, 2, -3, 8, 4, 8, 8, -5, 0]--- 15 points removed --- 1 9 32 33 41 65 96 97 105 129 160 161 169 193 225 
[1, -3, -3, -3, 8, 7, 8, 8, 1]--- 15 points removed --- 16 32 48 64 80 96 112 116 144 160 176 192 208 224 240 
[8, 6, 7, -4, 2, 1, -4, 8, 0]--- 15 points removed --- 2 6 10 14 16 18 20 22 24 26 28 30 50 82 86 
[8, 7, 6, -4, -4, 1, 2, 8, 0]--- 15 points removed --- 8 10 12 14 16 18 20 22 24 26 28 30 56 60 88 
[1, -3, -4, -3, 2, -7, 4, -5, 16]--- 15 points removed --- 53 61 85 101 109 116 117 119 125 181 213 229 245 247 253 
[4, -6, -6, 5, 8, -1, 8, 2, 5]--- 15 points removed --- 32 36 64 68 96 97 100 101 112 116 117 224 225 228 229 
[2, -3, 2, 6, 6, 8, 2, -3, 0]--- 15 points removed --- 1 3 33 64 65 66 67 96 97 99 129 192 193 195 225 
[2, 2, -3, 6, 2, 6, 6, -3, 0]--- 15 points removed --- 1 9 32 33 40 41 65 96 97 105 129 160 161 169 225 
[1, 1, -3, 6, 4, 8, 6, -3, 0]--- 15 points removed --- 1 32 33 41 65 96 97 105 129 160 161 169 193 224 225 
[1, 2, 2, 5, 4, -6, 4, 4, 0]--- 15 points removed --- 4 5 6 12 20 36 68 100 132 133 134 140 164 196 228 
[-2, 1, -2, 6, 5, 6, 6, -2, 0]--- 15 points removed --- 1 32 33 65 96 97 128 129 160 161 169 192 193 224 225 
[-1, 8, 8, 6, -4, 2, -3, 8, 0]--- 15 points removed --- 2 6 8 10 12 14 26 128 130 134 136 138 140 142 154 
[-8, 6, 6, 7, 4, 1, 2, 6, 0]--- 15 points removed --- 128 129 130 132 133 134 136 138 140 142 144 160 164 192 196 
[-1, 2, -4, 8, 6, 8, 8, -3, 0]--- 15 points removed --- 1 32 33 41 65 96 97 128 129 160 161 169 193 224 225 
[2, -3, -4, -1, 8, 6, 8, 8, 0]--- 15 points removed --- 16 32 48 64 80 96 100 112 116 160 176 192 208 224 240 
[1, -4, 2, -4, 6, 8, 7, 8, 0]--- 15 points removed --- 16 48 64 80 82 88 96 112 144 176 192 208 216 224 240 
[2, 2, -5, 8, 4, 8, 8, -3, 0]--- 15 points removed --- 1 32 33 40 41 65 96 97 105 129 160 161 169 224 225 
[1, -4, 1, 8, 8, 7, 5, -3, 0]--- 15 points removed --- 1 33 64 65 67 96 97 99 129 161 192 193 195 224 225 
[1, 2, -4, -4, 7, 8, 6, 8, 0]--- 15 points removed --- 16 32 48 50 56 80 96 112 144 160 176 178 208 224 240 
[-1, 5, 6, 5, -1, -1, -2, 8, 0]--- 15 points removed --- 2 4 6 8 10 12 14 128 130 132 134 136 138 140 142 
[-2, -4, 1, 8, 8, 8, 7, -2, 0]--- 15 points removed --- 1 33 64 65 96 97 128 129 160 161 192 193 195 224 225 
[-1, -3, 2, 8, 8, 8, 6, -4, 0]--- 15 points removed --- 1 33 64 65 67 96 97 128 129 161 192 193 195 224 225 
[2, -3, 2, 8, 8, 8, 4, -5, 0]--- 15 points removed --- 1 3 33 64 65 67 96 97 99 129 161 192 193 195 225 
[1, -4, -4, -2, 3, -6, 3, -5, 15]--- 15 points removed --- 53 85 101 103 109 116 117 119 125 181 213 229 245 247 253 
[4, 8, 8, -1, -5, 3, -5, 2, 4]--- 15 points removed --- 2 8 10 11 14 15 18 24 26 27 30 31 138 154 155 
[5, 4, 4, 1, -8, 2, 2, 5, 2]--- 14 points removed --- 8 9 10 12 14 24 26 28 30 40 56 72 88 136 
[8, 5, 4, -1, -6, 2, 3, 8, 0]--- 14 points removed --- 8 10 12 14 16 24 26 28 30 40 56 60 72 88 
[7, 6, 6, 1, 2, 2, -8, 7, 0]--- 14 points removed --- 2 3 6 10 14 18 22 26 30 34 50 66 82 130 
[-1, -3, -2, -4, 3, -6, 4, -6, 16]--- 14 points removed --- 53 85 101 117 119 125 149 181 213 221 229 245 247 253 
[-1, 4, 4, -2, 5, -2, 5, -6, 5]--- 14 points removed --- 1 5 17 21 53 85 129 133 145 149 151 157 181 213 
[4, 5, 5, 4, 2, 1, 2, -6, 0]--- 14 points removed --- 1 3 5 7 9 11 13 15 17 21 33 65 129 133 
[2, 2, -8, 1, 6, 7, 6, 7, 0]--- 14 points removed --- 32 33 34 36 40 48 50 56 96 112 160 176 224 240 
[3, -6, -6, 8, 5, 1, 5, -2, 7]--- 14 points removed --- 33 65 96 97 99 100 101 103 105 109 224 225 228 229 
[1, 5, 5, 3, 7, 3, 7, -8, 0]--- 14 points removed --- 1 3 5 9 17 21 33 65 129 133 145 149 161 193 
[2, -8, 2, 1, 6, 7, 6, 7, 0]--- 14 points removed --- 64 65 66 68 72 80 82 88 96 112 192 208 224 240 
[2, 5, 5, 2, 4, 1, 4, -7, 1]--- 14 points removed --- 1 3 5 7 9 13 17 21 33 65 129 133 145 149 
[-2, 5, 5, -2, 4, -1, 4, -6, 5]--- 14 points removed --- 1 5 17 21 129 133 145 147 149 151 153 157 181 213 
[5, 6, 6, 5, 1, -3, 1, -3, 0]--- 14 points removed --- 1 3 4 5 6 7 9 11 12 13 14 15 21 133 
[-5, 7, 7, -5, 3, -1, 3, -8, 11]--- 14 points removed --- 17 21 129 133 145 147 149 151 153 155 157 159 181 213 
[2, -1, 3, -6, 4, 7, 5, 8, 0]--- 14 points removed --- 16 18 24 48 64 80 82 88 112 144 176 208 216 240 
[8, 4, 6, -2, 3, 1, -5, 7, 0]--- 14 points removed --- 2 6 10 14 16 18 20 22 26 30 50 66 82 86 
[1, 2, 2, 4, 5, 4, 5, -6, 0]--- 14 points removed --- 1 3 5 9 17 33 65 97 129 133 145 161 193 225 
[2, 3, -7, -1, 6, 8, 5, 8, 0]--- 14 points removed --- 16 32 34 40 48 50 56 96 112 160 176 178 224 240 
[-1, 2, 2, -6, 7, -6, 7, -8, 13]--- 14 points removed --- 5 17 21 53 85 117 133 145 149 151 157 181 213 245 
[2, 4, -1, -7, 6, 8, 5, 8, 0]--- 14 points removed --- 16 18 24 32 48 50 56 80 112 144 176 178 208 240 
[8, 5, 5, -3, -7, -3, -7, 1, 12]--- 14 points removed --- 10 11 14 15 22 26 27 28 30 31 62 63 94 95 
[8, 4, 6, -5, 3, 1, -2, 8, 0]--- 14 points removed --- 2 6 16 18 20 22 24 26 28 30 50 80 82 86 
[-1, -2, -3, -4, 4, -6, 3, -6, 16]--- 14 points removed --- 53 85 101 117 119 125 149 181 183 213 229 245 247 253 
[1, 3, -5, -2, 6, 7, 4, 7, 0]--- 14 points removed --- 16 32 34 48 50 56 96 112 144 160 176 178 224 240 
[1, -6, 3, -2, 5, 8, 7, 8, 0]--- 14 points removed --- 16 64 72 80 82 88 96 112 144 192 208 216 224 240 
[2, -5, -5, -1, 3, -6, 3, -4, 15]--- 14 points removed --- 53 85 100 101 103 109 116 117 119 125 229 245 247 253 
[8, 6, 5, -7, -1, 2, 4, 8, 0]--- 14 points removed --- 8 16 18 20 22 24 26 28 30 48 56 60 80 88 
[2, -6, 3, -1, 4, 8, 5, 7, 0]--- 14 points removed --- 16 64 66 72 80 82 88 96 112 192 208 216 224 240 
[-5, 1, 1, 7, 8, 7, 8, -5, 2]--- 14 points removed --- 1 33 65 97 128 129 133 145 160 161 192 193 224 225 
[8, 7, 5, -2, -6, 1, 4, 8, 0]--- 14 points removed --- 8 10 12 14 16 20 24 26 28 30 40 56 60 88 
[1, 3, -2, -5, 6, 8, 4, 8, 0]--- 14 points removed --- 16 18 32 48 50 56 80 112 144 160 176 178 208 240 
[8, 5, 6, -7, 3, 2, -1, 8, 0]--- 14 points removed --- 2 16 18 20 22 24 26 28 30 48 50 80 82 86 
[8, 5, 6, -1, 3, 2, -7, 8, 0]--- 14 points removed --- 2 6 10 14 16 18 22 26 30 34 50 66 82 86 
[1, -2, 3, -6, 5, 8, 7, 8, 0]--- 14 points removed --- 16 24 48 64 80 82 88 112 144 176 192 208 216 240 
[8, 6, 4, -5, -2, 1, 3, 8, 0]--- 14 points removed --- 8 12 16 18 20 22 24 26 28 30 48 56 60 88 
[1, 2, 2, -6, 5, 5, 5, 4, 0]--- 13 points removed --- 16 17 18 20 24 48 80 112 144 145 176 208 240 
[-6, -4, 3, -2, -4, -3, 2, -1, 15]--- 13 points removed --- 157 204 205 207 213 216 217 220 221 222 223 252 253 
[1, -5, -5, 3, 4, -2, 4, -1, 8]--- 13 points removed --- 96 97 100 101 103 109 116 117 224 225 228 229 245 
[-7, -4, 2, -3, -4, -2, 3, -1, 16]--- 13 points removed --- 157 204 205 213 216 217 220 221 222 223 249 252 253 
[2, 4, 4, -1, 5, -1, 5, -3, 0]--- 13 points removed --- 1 4 5 16 17 20 21 53 85 129 133 145 149 
[2, -6, -6, 5, 4, -1, 4, -2, 9]--- 13 points removed --- 96 97 99 100 101 103 105 109 117 224 225 228 229 
[5, 4, 5, 5, 2, 2, 1, -6, 0]--- 13 points removed --- 1 3 5 7 9 11 13 15 17 33 65 67 129 
[7, 6, 7, 7, 2, 2, -8, 1, 0]--- 13 points removed --- 2 3 6 7 10 11 14 15 18 34 66 67 130 
[3, -2, 3, 4, 4, 8, -1, -2, 0]--- 13 points removed --- 1 2 3 64 65 66 67 75 83 97 99 193 195 
[6, 6, 6, -7, 3, 1, 2, 5, 0]--- 13 points removed --- 16 17 18 20 21 22 24 26 28 30 48 80 144 
[-7, 2, -4, -3, 3, -2, -4, -1, 16]--- 13 points removed --- 151 166 167 178 179 181 182 183 190 191 243 246 247 
[1, 5, -4, -4, 7, 8, 3, 8, 0]--- 13 points removed --- 16 18 32 34 48 50 56 112 144 160 176 178 240 
[-5, 3, -4, -2, 2, -3, -4, -1, 14]--- 13 points removed --- 151 166 167 175 178 179 181 182 183 190 191 246 247 
[1, 8, 8, 1, 7, -5, 7, -6, 3]--- 13 points removed --- 1 4 5 7 13 17 20 21 129 132 133 145 149 
[8, 8, 5, 8, -2, 3, 1, -6, 0]--- 13 points removed --- 1 3 5 7 8 9 10 11 13 15 33 41 43 
[7, 7, 6, 7, -8, 2, 2, 1, 0]--- 13 points removed --- 8 9 10 11 12 13 14 15 24 40 41 72 136 
[5, 8, 8, 5, 2, -6, 2, -1, 0]--- 13 points removed --- 1 4 5 6 7 12 13 14 15 20 21 132 133 
[-1, 4, 4, 2, 6, 2, 6, -5, 0]--- 13 points removed --- 1 5 17 21 33 65 128 129 133 145 149 161 193 
[3, 3, -2, 4, -1, 5, 4, -2, 0]--- 13 points removed --- 1 8 9 32 33 40 41 43 57 97 105 161 169 
[8, 2, 7, -5, 6, 1, -5, 8, 2]--- 13 points removed --- 2 6 16 18 20 22 26 30 50 66 80 82 86 
[-6, 8, 8, -6, 2, 1, 2, -7, 11]--- 13 points removed --- 17 21 129 133 144 145 147 149 151 153 155 157 159 
[-1, -2, -1, -4, 3, -5, 4, -5, 13]--- 13 points removed --- 21 53 85 117 125 149 181 213 221 229 245 247 253 
[2, 2, 1, 7, 6, 7, 7, -8, 0]--- 13 points removed --- 1 3 5 9 17 33 41 65 97 129 161 193 225 
[5, 5, 4, 5, 1, 2, 2, -8, 2]--- 13 points removed --- 1 3 5 7 9 11 13 15 17 33 41 65 129 
[8, 5, 8, 8, 1, 4, -6, -2, 0]--- 13 points removed --- 1 2 3 6 7 9 10 11 14 15 66 67 75 
[8, 8, 8, -5, 1, -5, 1, 7, 2]--- 13 points removed --- 4 6 12 14 16 18 20 21 22 24 26 28 30 
[-1, -1, -2, -4, 4, -5, 3, -5, 13]--- 13 points removed --- 21 53 85 117 119 149 181 183 213 229 245 247 253 
[5, 2, 2, -3, -4, -3, -4, 1, 9]--- 13 points removed --- 14 15 22 26 27 28 30 31 62 63 94 95 126 
[-1, 8, 8, -1, 6, 2, 6, -5, 0]--- 13 points removed --- 1 5 16 17 21 128 129 133 144 145 147 149 153 
[-7, 7, 6, -7, 2, -2, 1, -8, 16]--- 13 points removed --- 21 133 145 147 149 151 153 155 157 159 181 183 213 
[-3, 1, 1, -3, 6, 6, 6, 5, 0]--- 13 points removed --- 16 48 80 112 128 144 145 160 176 192 208 224 240 
[2, 6, 8, 2, 4, -1, 4, -5, 0]--- 13 points removed --- 1 3 4 5 7 9 13 17 21 129 133 145 149 
[-5, 2, 2, 4, 6, 4, 6, -1, 0]--- 13 points removed --- 1 128 129 132 133 144 145 160 161 192 193 224 225 
[8, 5, 8, 8, 1, 3, -2, -6, 0]--- 13 points removed --- 1 2 3 5 7 9 10 11 13 15 65 67 75 
[1, -3, 4, -3, 2, 6, 5, 6, 0]--- 13 points removed --- 16 24 64 72 80 82 88 112 144 192 208 216 240 
[-2, 2, 1, -5, 5, -5, 4, -6, 12]--- 13 points removed --- 21 53 85 117 133 145 149 151 157 181 183 213 245 
[2, -8, 2, 7, 7, 7, 6, 1, 0]--- 13 points removed --- 64 65 66 67 68 72 80 96 97 192 193 224 225 
[6, 5, 2, -3, -3, 1, 4, 6, 0]--- 13 points removed --- 8 12 16 20 24 26 28 30 40 48 56 60 88 
[1, 4, 4, -2, 6, -2, 6, -5, 3]--- 13 points removed --- 1 5 17 20 21 53 85 129 133 145 149 181 213 
[-7, 6, 7, -7, 1, -2, 2, -8, 16]--- 13 points removed --- 21 133 145 147 149 151 153 155 157 159 181 213 221 
[1, 2, 2, -4, 6, -4, 6, -5, 7]--- 13 points removed --- 5 17 20 21 53 85 117 133 145 149 181 213 245 
[-2, 1, 2, -7, 6, -7, 7, -8, 16]--- 13 points removed --- 21 53 85 117 133 145 149 151 157 181 213 221 245 
[-2, 4, 4, 1, 8, 1, 8, -3, 0]--- 13 points removed --- 1 5 17 21 128 129 132 133 144 145 149 161 193 
[2, 2, -6, 5, 4, 5, 5, 1, 0]--- 13 points removed --- 32 33 34 36 40 41 48 96 97 160 161 224 225 
[3, 1, 2, 6, 6, 6, 5, -7, 0]--- 13 points removed --- 1 3 5 9 17 33 65 67 97 129 161 193 225 
[-4, 8, 8, -2, 6, 1, 6, -7, 5]--- 13 points removed --- 1 5 17 21 129 133 144 145 147 149 151 153 157 
[4, 6, 6, 4, 2, -1, 2, -5, 0]--- 13 points removed --- 1 3 4 5 7 9 11 13 15 17 21 129 133 
[8, 8, 5, 8, -6, 3, 1, -2, 0]--- 13 points removed --- 1 3 8 9 10 11 12 13 14 15 40 41 43 
[-1, 2, 2, 6, 8, 6, 8, -7, 0]--- 13 points removed --- 1 5 17 33 65 97 128 129 133 145 161 193 225 
[8, 1, 2, -4, -3, -4, -4, 2, 10]--- 12 points removed --- 14 22 26 28 30 31 62 63 86 94 95 126 
[-3, 1, -3, -2, 2, -1, -3, 0, 9]--- 12 points removed --- 166 167 178 179 182 183 190 191 242 243 246 247 
[2, -6, -8, 1, 4, -5, 4, -3, 16]--- 12 points removed --- 97 100 101 103 109 116 117 119 125 228 229 245 
[-6, -5, 1, -3, -4, -2, 3, 0, 16]--- 12 points removed --- 204 205 216 217 220 221 222 223 248 249 252 253 
[4, -2, 4, 3, 4, 5, -2, -1, 0]--- 12 points removed --- 1 2 3 64 65 66 67 75 82 83 99 195 
[5, 5, -3, 4, -3, 8, 5, -2, 1]--- 12 points removed --- 1 8 9 32 33 40 41 43 56 57 105 169 
[6, 7, 7, -2, -8, -1, -8, -4, 15]--- 12 points removed --- 10 11 14 15 26 27 30 31 63 95 155 159 
[-4, -3, 1, -3, -3, -1, 3, -1, 11]--- 12 points removed --- 157 205 213 216 217 220 221 223 248 249 252 253 
[-6, 4, -3, -2, 1, -4, -4, -2, 16]--- 12 points removed --- 151 159 166 167 175 179 181 182 183 190 191 247 
[-8, 4, 6, -6, -1, -1, 1, -6, 16]--- 12 points removed --- 145 147 149 151 153 155 157 159 213 217 221 223 
[-4, 5, 5, -6, -2, -1, -2, -7, 16]--- 12 points removed --- 27 31 145 147 149 151 153 155 157 159 191 223 
[5, 6, -2, 5, -3, 7, 4, -3, 1]--- 12 points removed --- 1 8 9 11 32 33 40 41 43 57 105 169 
[-7, 2, -3, -4, 4, -1, -4, -2, 16]--- 12 points removed --- 147 151 167 178 179 181 182 183 191 243 246 247 
[7, -1, 7, 7, 6, 8, -5, -2, 0]--- 12 points removed --- 1 2 3 11 64 65 66 67 75 83 99 195 
[8, 3, 8, 8, 1, 5, -4, -4, 0]--- 12 points removed --- 1 2 3 7 9 10 11 15 65 66 67 75 
[-5, -3, 2, -4, -4, -1, 4, -2, 14]--- 12 points removed --- 153 157 205 213 216 217 220 221 223 249 252 253 
[-4, 4, 2, -4, 1, -1, -1, -4, 10]--- 12 points removed --- 145 147 149 151 153 155 157 159 179 181 183 191 
[-5, 1, -4, -4, 4, -2, -3, -2, 15]--- 12 points removed --- 151 167 178 179 181 182 183 191 243 245 246 247 
[-5, 4, 5, -6, -2, -2, -1, -6, 16]--- 12 points removed --- 31 145 147 149 151 153 155 157 159 191 221 223 
[-6, -3, 4, -2, -4, -4, 1, -2, 16]--- 12 points removed --- 157 159 204 205 207 213 217 220 221 222 223 253 
[-5, 5, 4, -6, -1, -2, -2, -6, 16]--- 12 points removed --- 31 145 147 149 151 153 155 157 159 183 191 223 
[2, 6, 6, 3, 4, -5, 4, -1, 0]--- 12 points removed --- 1 4 5 6 7 12 13 20 21 132 133 149 
[-4, 1, -3, -3, 3, -1, -3, -1, 11]--- 12 points removed --- 151 167 178 179 181 182 183 191 242 243 246 247 
[6, 6, 2, 6, -3, 4, 1, -3, 0]--- 12 points removed --- 1 3 8 9 10 11 13 15 33 40 41 43 
[8, 2, 1, -4, -4, -4, -3, 2, 10]--- 12 points removed --- 14 22 26 28 30 31 60 62 63 94 95 126 
[-4, 3, 3, 2, 8, 2, 6, -1, 0]--- 12 points removed --- 1 128 129 132 133 144 145 149 160 161 192 193 
[-5, -4, 1, -4, -3, -2, 4, -2, 15]--- 12 points removed --- 157 205 213 216 217 220 221 223 245 249 252 253 
[-5, 1, -7, -6, 6, 2, -4, 2, 16]--- 11 points removed --- 50 176 178 179 182 183 240 242 243 246 247 
[-3, -5, -5, -3, -2, 5, -2, 1, 15]--- 11 points removed --- 122 123 234 235 240 242 243 248 249 250 251 
[-2, 1, -1, -5, 5, -5, 3, -8, 16]--- 11 points removed --- 21 53 85 117 149 151 181 183 213 245 247 
[3, 1, 4, -2, -5, -4, -5, -2, 13]--- 11 points removed --- 14 15 27 30 31 63 79 94 95 159 223 
[-5, -7, 1, -6, -4, 2, 8, 2, 16]--- 11 points removed --- 88 208 216 217 220 221 240 248 249 252 253 
[-1, -4, -4, -3, -2, 4, -2, -1, 13]--- 11 points removed --- 115 121 122 123 235 242 243 248 249 250 251 
[1, 4, -1, -2, -4, -4, -3, -2, 12]--- 11 points removed --- 15 30 31 47 61 62 63 159 175 190 191 
[-5, 8, 8, -7, -2, 1, -2, -6, 15]--- 11 points removed --- 27 31 145 147 149 151 153 154 155 157 159 
[-6, 4, -2, -4, 3, -3, -3, -4, 16]--- 11 points removed --- 147 149 151 159 167 179 181 182 183 191 247 
[-4, -1, 3, -3, -2, -2, 2, -3, 11]--- 11 points removed --- 149 153 157 159 205 213 217 220 221 223 253 
[2, 3, -2, -8, -4, -5, -1, 1, 16]--- 11 points removed --- 28 30 31 60 61 62 63 126 188 190 191 
[-2, -5, -5, -2, -3, 5, -3, 1, 15]--- 11 points removed --- 106 122 123 234 235 242 243 248 249 250 251 
[1, -1, 4, -2, -3, -4, -4, -2, 12]--- 11 points removed --- 15 30 31 79 87 94 95 159 207 222 223 
[-2, -5, -5, -3, -2, 5, -3, -1, 16]--- 11 points removed --- 115 122 123 234 235 242 243 248 249 250 251 
[-2, -5, -5, -3, -3, 5, -2, -1, 16]--- 11 points removed --- 121 122 123 234 235 242 243 248 249 250 251 
[2, -2, 3, -4, -1, -4, -4, 1, 11]--- 11 points removed --- 22 30 31 86 87 94 95 126 214 222 223 
[1, 8, 5, -2, 8, 1, 5, -3, 0]--- 11 points removed --- 1 5 16 17 20 21 129 133 144 145 149 
[-1, 2, 2, -7, 8, 8, 8, 6, 0]--- 11 points removed --- 16 17 48 80 112 128 144 145 176 208 240 
[3, 5, 5, -2, -8, 1, -8, -1, 14]--- 11 points removed --- 10 11 14 15 26 27 30 31 154 155 159 
[8, 6, 8, -1, 2, -5, 2, 4, 0]--- 11 points removed --- 4 5 6 12 14 16 20 21 22 28 30 
[-1, 8, 8, 5, 8, -1, 8, -6, 0]--- 11 points removed --- 1 4 5 17 21 128 129 132 133 145 149 
[3, 4, 1, -2, -8, -4, -5, -2, 16]--- 11 points removed --- 14 15 27 30 31 47 62 63 95 159 191 
[-2, -1, 1, -5, 3, -5, 5, -8, 16]--- 11 points removed --- 21 53 85 117 149 157 181 213 221 245 253 
[-5, 2, 2, -1, 6, 6, 6, 4, 0]--- 11 points removed --- 16 128 129 144 145 160 176 192 208 224 240 
[8, 8, 8, -7, 4, -1, 2, 6, 0]--- 11 points removed --- 4 16 17 18 20 21 22 24 26 28 30 
[-3, -3, 0, -3, -2, -1, 3, -1, 10]--- 10 points removed --- 213 216 217 220 221 245 248 249 252 253 
[-5, -5, -1, -5, -5, 3, 4, 0, 16]--- 10 points removed --- 216 217 220 221 248 249 250 251 252 253 
[5, 4, -7, 3, -7, 8, 5, -4, 10]--- 10 points removed --- 9 33 40 41 43 56 57 105 121 169 
[2, -2, 5, -4, -3, -5, -5, -1, 15]--- 10 points removed --- 30 31 79 86 87 94 95 159 222 223 
[-3, 1, -2, -3, 5, 0, -3, -1, 9]--- 10 points removed --- 147 151 178 179 182 183 242 243 246 247 
[7, -2, -7, 8, 1, 6, 7, -7, 8]--- 10 points removed --- 33 41 65 96 97 99 101 105 109 225 
[3, -2, -5, -2, -5, 1, 4, -5, 14]--- 10 points removed --- 41 57 61 105 109 121 123 125 249 253 
[-3, -1, -3, -3, 2, 1, -3, 0, 10]--- 10 points removed --- 178 179 182 183 242 243 246 247 250 251 
[-1, -5, 4, 2, -5, -3, -2, -5, 16]--- 10 points removed --- 75 77 79 95 203 205 207 221 223 239 
[8, 8, -2, 1, -2, 8, 8, 1, 0]--- 10 points removed --- 8 9 24 32 33 40 41 48 56 57 
[8, 8, -1, -2, -2, 3, 5, 4, 0]--- 10 points removed --- 8 16 24 28 32 40 48 56 57 60 
[-2, -1, -3, -3, 3, 0, -3, -1, 10]--- 10 points removed --- 115 119 178 179 182 183 242 243 246 247 
[8, 8, -2, -1, -2, 4, 8, 3, 0]--- 10 points removed --- 8 16 24 32 40 41 48 56 57 60 
[-1, 4, -5, 2, -2, -3, -5, -5, 16]--- 10 points removed --- 39 43 47 63 167 171 175 183 191 239 
[3, -6, -2, -2, 4, 1, -6, -5, 16]--- 10 points removed --- 67 83 87 99 103 115 119 123 243 247 
[5, -1, 5, -2, 5, 3, -2, 4, 0]--- 10 points removed --- 2 16 18 22 64 66 80 82 83 86 
[4, -2, 4, 1, 4, 4, -2, 1, 0]--- 10 points removed --- 2 3 18 64 65 66 67 80 82 83 
[-4, -5, -1, -5, -4, -1, 5, -1, 16]--- 10 points removed --- 125 216 217 220 221 245 248 249 252 253 
[-2, -3, -1, -3, -3, 0, 3, -1, 10]--- 10 points removed --- 121 125 216 217 220 221 248 249 252 253 
[2, -2, 3, 3, 1, 8, -3, -3, 4]--- 10 points removed --- 3 11 65 66 67 75 83 99 195 203 
[3, -3, 1, 2, 3, 8, -2, -3, 4]--- 10 points removed --- 3 65 66 67 75 83 97 99 115 195 
[-5, -5, -2, -5, -4, 2, 3, 1, 16]--- 10 points removed --- 216 217 220 240 248 249 250 251 252 253 
[-5, -3, 1, -5, -4, 0, 4, -2, 15]--- 10 points removed --- 153 157 216 217 220 221 248 249 252 253 
[-4, -1, -4, -4, 3, 1, -3, 1, 12]--- 10 points removed --- 178 179 182 183 240 242 243 246 247 250 
[2, 5, -2, -4, -5, -5, -3, -1, 15]--- 10 points removed --- 30 31 47 60 61 62 63 159 190 191 
[4, -1, 3, -5, -2, -5, -5, 2, 13]--- 10 points removed --- 22 30 31 62 86 87 94 95 126 222 
[-4, -2, 2, -3, -1, -3, 3, -3, 12]--- 10 points removed --- 149 157 205 213 217 220 221 223 245 253 
[-1, 2, 2, -5, -3, -2, -3, -5, 15]--- 10 points removed --- 27 31 63 95 151 155 157 159 191 223 
[5, -2, 5, -1, 5, 4, -2, 3, 0]--- 10 points removed --- 2 16 18 64 66 67 80 82 83 86 
[3, 1, -3, 2, -2, 4, 3, -3, 4]--- 10 points removed --- 9 33 40 41 43 57 97 105 121 169 
[3, 1, 3, 2, 3, 3, -8, 2, 4]--- 10 points removed --- 2 3 6 10 18 34 66 67 82 130 
[-3, -4, -1, -4, -7, 1, 3, -1, 16]--- 10 points removed --- 121 216 217 220 221 248 249 251 252 253 
[3, -8, 3, 2, 3, 3, 1, 2, 4]--- 10 points removed --- 64 65 66 67 68 72 80 82 96 192 
[-3, -1, -4, -7, 3, 1, -4, -1, 16]--- 10 points removed --- 115 178 179 182 183 242 243 246 247 251 
[3, -5, 5, 5, 4, 8, -4, -7, 8]--- 10 points removed --- 3 65 66 67 75 83 99 193 195 203 
[1, 2, 3, -4, -5, -3, -5, -4, 16]--- 10 points removed --- 15 27 30 31 63 95 155 159 191 223 
[3, -3, -2, 8, 3, 2, 1, -3, 4]--- 10 points removed --- 33 65 67 96 97 99 101 103 105 225 
[1, 3, -3, 3, -2, 4, 2, -3, 4]--- 10 points removed --- 9 33 40 41 43 57 105 161 169 171 
[-3, 0, -3, -3, 3, -1, -2, -1, 10]--- 10 points removed --- 178 179 181 182 183 242 243 245 246 247 
[4, 3, -1, -5, -5, -5, -2, 2, 13]--- 10 points removed --- 28 30 31 60 61 62 63 94 126 190 
[2, 7, -6, 7, -7, 8, 1, -7, 12]--- 10 points removed --- 9 11 33 40 41 43 57 105 169 171 
[-3, 4, 5, 8, 5, -3, 5, 2, 0]--- 10 points removed --- 4 5 128 129 132 133 134 140 164 196 
[-4, -1, -5, -5, 8, -1, -4, -1, 16]--- 10 points removed --- 119 178 179 182 183 242 243 245 246 247 
[5, -7, 4, 3, 5, 8, -5, -4, 8]--- 10 points removed --- 3 65 66 67 75 82 83 99 115 195 
[-5, -2, -5, -5, 3, 2, -4, 1, 16]--- 10 points removed --- 178 179 182 240 242 243 246 247 250 251 
[-5, -1, -5, -5, 4, 2, -3, 2, 14]--- 10 points removed --- 176 178 179 182 240 242 243 246 247 250 
[2, 3, 3, -4, 3, 2, 3, 1, 0]--- 10 points removed --- 16 17 18 20 21 24 48 80 144 145 
[-4, -4, -1, -4, -3, 1, 3, 1, 12]--- 10 points removed --- 216 217 220 221 240 248 249 250 252 253 
[-5, 2, -3, -4, 4, -4, -1, -4, 16]--- 10 points removed --- 149 151 167 179 181 182 183 191 245 247 
[7, 7, 3, 4, -8, 5, 5, 4, 0]--- 10 points removed --- 8 9 10 12 24 40 41 56 72 136 
[3, 3, -4, 2, 1, 3, 3, 2, 0]--- 10 points removed --- 32 33 34 36 40 41 48 56 96 160 
[-5, -5, -1, -7, -3, 2, 4, 2, 16]--- 10 points removed --- 208 216 217 220 240 248 249 250 252 253 
[-3, 8, -2, -2, -1, -6, -4, -2, 16]--- 9 points removed --- 63 151 159 167 175 182 183 190 191 
[1, 6, -3, 2, -2, -2, -7, -6, 16]--- 9 points removed --- 15 39 43 47 63 167 171 175 191 
[-3, -4, -2, -4, -6, 2, 2, -1, 16]--- 9 points removed --- 121 216 217 248 249 250 251 252 253 
[-1, -2, 4, -2, -4, -4, -3, -2, 14]--- 9 points removed --- 31 79 94 95 159 207 221 222 223 
[3, 4, -1, 2, -2, -2, -4, -5, 10]--- 9 points removed --- 7 11 15 31 39 43 47 63 175 
[-4, -2, -2, 3, -5, 1, -4, -2, 15]--- 9 points removed --- 171 175 203 207 234 235 238 239 251 
[2, -5, -3, -3, 8, -4, -1, -5, 16]--- 9 points removed --- 85 87 101 103 115 117 119 245 247 
[1, -4, 8, 2, -6, -3, -3, -5, 16]--- 9 points removed --- 15 75 77 79 95 203 205 207 223 
[2, -8, -2, -2, 8, -1, -3, -4, 16]--- 9 points removed --- 83 87 99 103 115 117 119 243 247 
[-4, -3, -1, -4, -4, -1, 4, 1, 13]--- 9 points removed --- 188 216 217 220 221 248 249 252 253 
[5, 5, -3, -4, 1, 8, 5, 6, 1]--- 9 points removed --- 16 24 32 40 48 50 56 112 176 
[2, -2, -4, -2, -1, -3, 4, -4, 12]--- 9 points removed --- 53 61 101 109 117 121 125 245 253 
[-3, -3, -2, -3, 1, 8, 2, 8, 7]--- 9 points removed --- 112 176 208 216 224 240 242 248 250 
[6, -2, 8, -5, -1, 8, 8, 8, 0]--- 9 points removed --- 8 16 24 64 72 80 88 208 216 
[3, -3, 5, -8, 1, -4, -5, 2, 15]--- 9 points removed --- 22 30 82 86 87 94 95 214 222 
[2, -2, -4, -2, -3, -1, 4, -4, 12]--- 9 points removed --- 57 61 105 109 117 121 125 249 253 
[2, 4, -2, -8, -7, -3, 1, 2, 16]--- 9 points removed --- 28 30 56 60 61 62 63 188 190 
[-3, -2, -4, -4, 2, 2, -4, -1, 14]--- 9 points removed --- 115 178 179 242 243 246 247 250 251 
[3, -8, -7, 2, 3, -2, 1, -3, 16]--- 9 points removed --- 97 99 100 101 103 109 117 119 229 
[-2, 1, 3, -4, -3, -3, -2, -4, 14]--- 9 points removed --- 31 95 151 155 157 159 191 221 223 
[-4, -1, -3, -4, 4, -1, -4, 1, 13]--- 9 points removed --- 178 179 182 183 214 242 243 246 247 
[3, 5, -2, -2, 5, 5, -1, 5, 0]--- 9 points removed --- 2 16 18 32 34 48 50 176 178 
[-2, -2, -6, -4, 3, 1, -4, -2, 16]--- 9 points removed --- 115 119 179 183 242 243 246 247 251 
[3, -1, 4, 2, -4, -2, -2, -4, 9]--- 9 points removed --- 11 13 15 31 75 77 79 95 207 
[-3, -1, -4, -6, 8, -2, -2, -2, 16]--- 9 points removed --- 119 179 181 182 183 243 245 246 247 
[-1, 8, -2, -2, -3, -4, -4, -2, 14]--- 9 points removed --- 31 47 62 63 159 175 183 190 191 
[-2, -4, -2, -6, -4, 1, 3, -2, 16]--- 9 points removed --- 121 125 217 221 248 249 251 252 253 
[-2, 3, 1, -4, -2, -3, -3, -6, 16]--- 9 points removed --- 31 63 151 155 157 159 183 191 223 
[5, 1, 3, -2, -2, 3, 3, 5, 0]--- 9 points removed --- 8 16 24 26 28 56 72 80 88 
[-3, -2, 4, -2, -6, -4, -1, -2, 16]--- 9 points removed --- 95 157 159 205 207 220 221 222 223 
[-2, -4, -2, -6, -3, -1, 8, -2, 16]--- 9 points removed --- 121 125 217 221 245 248 249 252 253 
[-6, -5, -6, -7, 3, 8, 2, 8, 16]--- 9 points removed --- 112 176 178 208 224 240 242 248 250 
[3, -4, -4, 2, 1, -2, 3, -3, 9]--- 9 points removed --- 97 100 101 103 105 109 117 125 229 
[-3, -6, -1, -4, -2, -2, 8, -2, 16]--- 9 points removed --- 125 213 217 220 221 245 249 252 253 
[8, 3, 1, -2, 3, 3, -2, 8, 0]--- 9 points removed --- 2 16 18 22 26 34 48 50 82 
[-2, -2, -6, -4, 8, -1, -3, -2, 16]--- 9 points removed --- 115 119 179 183 242 243 245 246 247 
[4, -3, 4, -3, 4, 5, 1, 5, 1]--- 9 points removed --- 16 18 64 66 80 82 88 112 208 
[3, -1, 4, -7, 2, -2, -7, 3, 13]--- 8 points removed --- 18 22 30 82 86 87 94 214 
[3, 4, -1, -4, -8, -2, 2, 3, 11]--- 8 points removed --- 24 28 30 56 60 61 62 188 
[8, -6, -5, 4, -1, -1, 8, -8, 15]--- 8 points removed --- 77 97 101 105 109 117 121 125 
[-4, -3, -3, 2, -4, 2, -4, -1, 15]--- 8 points removed --- 171 203 234 235 238 239 250 251 
[1, -4, -3, -3, 2, 2, -4, -6, 16]--- 8 points removed --- 83 99 115 119 123 243 247 251 
[-1, -5, -3, -4, -4, 2, 2, -3, 16]--- 8 points removed --- 121 123 125 217 248 249 251 253 
[-1, 6, 6, -7, -5, 2, -5, -4, 16]--- 8 points removed --- 26 27 31 147 153 154 155 159 
[3, 8, -3, -4, -4, -2, 2, 1, 9]--- 8 points removed --- 28 56 57 60 61 62 63 188 
[-2, -3, 8, -3, -5, -4, -2, -1, 16]--- 8 points removed --- 94 95 159 207 220 221 222 223 
[-4, -2, -5, -8, 2, 3, -1, 3, 16]--- 8 points removed --- 176 178 240 242 243 246 248 250 
[6, -8, 4, -6, 5, -1, -5, -2, 16]--- 8 points removed --- 82 83 85 86 87 95 115 119 
[5, 4, -3, -2, -3, 2, 4, 1, 4]--- 8 points removed --- 24 40 41 48 56 57 60 61 
[3, -2, -3, 1, 3, -1, -1, -3, 7]--- 8 points removed --- 39 97 99 101 103 115 117 119 
[3, -8, -3, -1, 8, -2, -2, -4, 16]--- 8 points removed --- 87 99 101 103 115 117 119 247 
[-4, -5, -2, -8, -1, 3, 2, 3, 16]--- 8 points removed --- 208 216 240 242 248 249 250 252 
[4, 3, -4, -4, -3, -2, 2, -1, 10]--- 8 points removed --- 53 56 57 60 61 62 63 125 
[-2, -2, -4, -5, 4, -3, -1, -3, 16]--- 8 points removed --- 117 119 181 183 243 245 246 247 
[3, -3, 4, -4, 2, -2, -4, 1, 9]--- 8 points removed --- 22 82 83 86 87 94 95 214 
[-2, 2, -4, 3, -3, -1, -6, -4, 16]--- 8 points removed --- 43 47 167 171 175 191 235 239 
[-5, -8, 3, -7, -1, 6, 7, 6, 14]--- 8 points removed --- 80 88 208 216 217 220 240 248 
[-2, -4, -3, -4, -4, 3, 1, -2, 15]--- 8 points removed --- 121 123 217 248 249 250 251 253 
[2, -2, 4, 3, -4, -3, -1, -4, 10]--- 8 points removed --- 13 15 75 77 79 95 205 207 
[-2, 4, -1, -3, -2, -4, -4, -3, 15]--- 8 points removed --- 31 63 151 159 175 183 190 191 
[1, -3, -4, -3, -4, 2, 2, -6, 16]--- 8 points removed --- 57 105 121 123 125 249 251 253 
[3, 6, -3, 4, -2, -5, -6, -6, 16]--- 8 points removed --- 7 15 39 43 47 63 167 175 
[3, -2, 4, -5, 3, -1, -4, 2, 8]--- 8 points removed --- 18 22 82 83 86 87 94 214 
[4, -1, -5, -4, -3, -3, 8, -5, 16]--- 8 points removed --- 53 57 61 109 117 121 125 253 
[-2, -6, 2, 3, -4, -1, -3, -4, 16]--- 8 points removed --- 75 79 203 205 207 223 235 239 
[4, 1, -4, -8, -2, -2, 3, -3, 15]--- 8 points removed --- 53 57 60 61 63 117 121 125 
[4, 4, 4, -2, 3, -2, 3, 1, 0]--- 8 points removed --- 4 5 16 17 20 21 22 28 
[2, -4, 8, 5, -6, -1, -5, -6, 16]--- 8 points removed --- 11 15 75 77 79 95 203 207 
[2, -3, 8, 1, -5, -4, -4, -5, 16]--- 8 points removed --- 15 31 75 77 79 95 207 223 
[-4, -3, -4, -4, 1, 3, -2, 2, 13]--- 8 points removed --- 178 240 242 243 246 248 250 251 
[-4, -4, -3, -4, -2, 3, 1, 2, 13]--- 8 points removed --- 216 240 242 248 249 250 251 252 
[3, 4, -2, -4, -4, -1, 3, 2, 7]--- 8 points removed --- 24 28 56 57 60 61 62 188 
[-2, -3, 4, -1, -5, -4, -2, -3, 16]--- 8 points removed --- 79 95 159 205 207 221 222 223 
[3, -3, -8, -1, -2, -2, 8, -4, 16]--- 8 points removed --- 61 101 105 109 117 121 125 253 
[-2, -3, -5, -4, 1, 3, -4, -2, 16]--- 8 points removed --- 115 123 179 242 243 247 250 251 
[-1, -3, -4, -5, 4, -2, -2, -3, 16]--- 8 points removed --- 115 117 119 183 243 245 246 247 
[-2, -5, -2, -4, -1, -3, 8, -3, 16]--- 8 points removed --- 117 125 213 221 245 249 252 253 
[8, -6, 2, -6, 5, -3, -3, -4, 16]--- 8 points removed --- 83 85 86 87 95 115 117 119 
[-2, 2, -4, -4, 4, 3, -1, 3, 7]--- 8 points removed --- 48 50 176 178 179 182 240 242 
[3, 6, -3, 4, -5, -2, -6, -6, 16]--- 8 points removed --- 11 15 39 43 47 63 171 175 
[-1, -3, -4, -5, 2, 2, -4, -3, 16]--- 8 points removed --- 115 119 123 179 242 243 247 251 
[-2, 3, 3, -2, 4, 4, 4, 1, 0]--- 8 points removed --- 16 17 128 129 144 145 176 208 
[8, -4, 8, -6, 8, 3, -5, 4, 7]--- 8 points removed --- 18 22 66 80 82 83 86 87 
[4, 4, -2, -3, -3, 1, 4, 2, 4]--- 8 points removed --- 24 28 40 48 56 57 60 61 
[1, -3, -6, -3, -2, -2, 8, -4, 16]--- 8 points removed --- 61 109 117 121 125 245 249 253 
[3, -4, -1, -3, 4, -2, -2, -4, 12]--- 8 points removed --- 83 85 87 103 115 117 119 247 
[4, -4, 3, -4, 2, -2, -3, -1, 10]--- 8 points removed --- 82 83 85 86 87 94 95 119 
[8, -7, 8, -6, 8, 6, -7, 1, 12]--- 8 points removed --- 18 66 67 80 82 83 86 87 
[8, 3, -6, -6, -5, -2, 5, -3, 16]--- 8 points removed --- 53 56 57 60 61 63 121 125 
[-2, 8, -3, -1, -2, -5, -4, -3, 16]--- 8 points removed --- 47 63 159 167 175 183 190 191 
[-2, -1, 8, -3, -4, -5, -2, -3, 16]--- 8 points removed --- 31 95 157 159 207 221 222 223 
[2, 4, -2, 1, -3, -3, -4, -4, 12]--- 8 points removed --- 15 31 39 43 47 63 175 191 
[-2, 8, -3, -3, -2, -5, -4, -1, 16]--- 8 points removed --- 62 63 159 175 182 183 190 191 
[1, -4, -3, -3, 4, -2, -2, -4, 14]--- 8 points removed --- 87 103 115 117 119 243 245 247 
[-1, -5, -3, -4, -2, -2, 8, -3, 16]--- 8 points removed --- 117 121 125 221 245 249 252 253 
[2, -5, -5, -1, -5, 3, -5, 4, 16]--- 7 points removed --- 106 110 122 123 126 234 250 
[-1, 8, -6, -4, -3, -4, -2, 2, 16]--- 7 points removed --- 60 62 63 182 188 190 191 
[2, 8, -4, 8, -8, 3, -3, -7, 16]--- 7 points removed --- 11 41 43 47 169 171 175 
[1, -3, -8, 1, -5, 1, -3, 8, 16]--- 7 points removed --- 106 110 122 126 234 238 250 
[-2, -4, -4, 3, -4, 1, -6, 2, 16]--- 7 points removed --- 106 110 234 235 238 239 250 
[-2, 8, -5, -4, -2, -4, -3, 1, 16]--- 7 points removed --- 62 63 182 183 188 190 191 
[8, -8, -6, 7, 8, 2, -1, -8, 15]--- 7 points removed --- 65 67 97 99 101 103 115 
[-3, 4, -4, 1, 2, -7, -4, -2, 16]--- 7 points removed --- 39 166 167 175 182 183 191 
[-2, -7, 4, 2, -4, -4, 1, -3, 16]--- 7 points removed --- 77 79 204 205 207 221 223 
[-2, 3, -5, 8, -5, 1, -4, -5, 16]--- 7 points removed --- 43 47 169 171 175 235 239 
[4, -2, -4, 3, -1, 2, 4, -4, 7]--- 7 points removed --- 33 41 97 101 105 109 121 
[4, -1, -4, 2, -2, 3, 4, -4, 7]--- 7 points removed --- 33 41 57 97 105 109 121 
[-1, 3, -4, 8, -8, 2, -2, -5, 16]--- 7 points removed --- 41 43 47 169 171 175 235 
[1, -4, -4, -2, -4, 3, -4, 2, 14]--- 7 points removed --- 106 122 123 126 234 250 251 
[2, -2, 4, 8, -1, 3, -4, -4, 7]--- 7 points removed --- 3 11 67 75 79 195 203 
[1, -3, 8, 8, -2, 2, -5, -5, 11]--- 7 points removed --- 11 67 75 79 195 203 207 
[8, -6, -3, 2, 7, 1, -2, -7, 14]--- 7 points removed --- 67 97 99 101 103 115 119 
[3, -1, 4, 8, -2, 2, -8, -8, 15]--- 7 points removed --- 3 11 15 67 75 79 203 
[3, 4, -1, 4, -4, 2, -2, -4, 7]--- 7 points removed --- 9 11 15 41 43 47 171 
[4, 3, -4, -2, -4, 2, 4, -1, 7]--- 7 points removed --- 40 41 56 57 60 61 121 
[-2, -5, 3, 5, -4, 1, -5, -5, 16]--- 7 points removed --- 75 79 195 203 207 235 239 
[2, -4, 5, 6, -6, -6, 1, -6, 16]--- 7 points removed --- 13 15 77 79 109 205 207 
[2, 4, -2, 4, -4, 3, -1, -4, 7]--- 7 points removed --- 9 11 41 43 47 169 171 
[2, 3, -2, 4, 1, -4, -4, -4, 10]--- 7 points removed --- 7 15 39 47 103 167 175 
[-3, -4, -4, 2, -4, 2, -4, 1, 15]--- 7 points removed --- 106 234 235 238 239 250 251 
[-3, -4, 4, 1, -4, -4, 2, -2, 13]--- 7 points removed --- 77 204 205 207 220 221 223 
[7, 2, -8, -3, -7, 4, 7, -5, 16]--- 7 points removed --- 41 56 57 61 105 121 125 
[-2, 4, -4, 2, 1, -4, -4, -3, 13]--- 7 points removed --- 39 47 166 167 175 183 191 
[5, -2, 8, 7, -6, 1, -8, -7, 16]--- 7 points removed --- 11 15 67 75 79 203 207 
[8, -8, -1, 6, 8, 7, -6, -8, 15]--- 7 points removed --- 65 67 83 97 99 103 115 
[2, 8, -4, 8, -6, 1, -5, -7, 16]--- 7 points removed --- 11 15 41 43 47 171 175 
[4, 2, -4, -1, -4, 3, 4, -2, 7]--- 7 points removed --- 40 41 56 57 61 105 121 
[-1, -4, 8, -5, -2, -5, -3, 2, 16]--- 7 points removed --- 86 94 95 214 220 222 223 
[-1, -5, -6, 2, -4, 2, -4, 3, 16]--- 7 points removed --- 106 110 122 234 235 238 250 
[4, 2, -4, -3, -8, 1, 4, -2, 13]--- 7 points removed --- 41 56 57 60 61 121 125 
[7, -6, -8, 5, -2, 1, 7, -7, 16]--- 7 points removed --- 41 97 101 105 109 121 125 
[8, -8, 4, -5, 8, 2, -7, -3, 16]--- 7 points removed --- 67 82 83 86 87 115 119 
[-2, -5, 8, -4, -3, -4, -2, 1, 16]--- 7 points removed --- 94 95 214 220 221 222 223 
[8, -7, 1, -2, 8, 5, -8, -6, 16]--- 7 points removed --- 67 82 83 87 99 115 119 
[8, -4, 2, -1, 8, 3, -4, -2, 7]--- 7 points removed --- 66 67 82 83 87 99 115 
[-2, -4, -4, 1, -4, 3, -4, 2, 14]--- 7 points removed --- 106 122 234 235 238 250 251 
[8, -7, -4, 1, 8, 2, -5, -6, 16]--- 7 points removed --- 67 83 97 99 103 115 119 
[4, -2, -8, 1, -3, 2, 8, -4, 13]--- 7 points removed --- 41 57 97 105 109 121 125 
[4, -4, 3, -2, 8, 2, -4, -1, 7]--- 7 points removed --- 66 67 82 83 86 87 115 
[-1, -5, 3, 4, -2, 2, -4, -8, 16]--- 7 points removed --- 67 75 79 195 203 207 235 
[-1, 4, -5, -4, -5, -5, 1, 8, 15]--- 6 points removed --- 60 62 172 188 190 252 
[-3, -1, 4, 2, -1, -3, 8, 2, 5]--- 6 points removed --- 132 140 196 204 205 220 
[-1, -5, 2, -2, 1, -8, -3, 3, 16]--- 6 points removed --- 86 94 198 214 222 246 
[-7, -3, 5, 2, -4, -5, 5, 2, 14]--- 6 points removed --- 140 196 204 205 220 221 
[-5, 8, -2, 4, 7, -8, -2, 3, 12]--- 6 points removed --- 132 134 164 166 167 182 
[3, -1, -1, -2, -7, -2, -3, 3, 13]--- 6 points removed --- 30 62 94 110 122 126 
[3, -2, -2, -1, -3, -1, -3, 3, 9]--- 6 points removed --- 62 94 106 110 122 126 
[-3, 3, -2, 1, 3, -3, -2, 1, 7]--- 6 points removed --- 134 164 166 167 182 183 
[-8, -1, 8, 7, 8, -8, -6, 8, 15]--- 5 points removed --- 132 134 196 198 214 
[-3, 8, -1, 2, -1, -3, 3, 8, 5]--- 5 points removed --- 132 140 164 172 188 
