[5, 4, 7, 6, -1, -3, -3, -1, 0]--- 29 points removed --- 1 2 3 4 5 6 7 8 9 10 11 12 13 14 15 23 30 31 47 70 71 75 77 78 79 134 135 142 143 
[7, 4, 8, 5, -3, -4, -2, -1, 1]--- 29 points removed --- 2 3 4 5 6 7 8 9 10 11 12 13 14 15 23 28 29 30 31 47 70 71 75 76 77 78 79 142 143 
[6, 4, 7, 5, -2, -3, -2, -1, 0]--- 29 points removed --- 1 2 3 4 5 6 7 8 9 10 11 12 13 14 15 23 29 30 31 47 70 71 75 76 77 78 79 142 143 
[7, 3, 8, 4, -4, -5, -2, -1, 3]--- 29 points removed --- 4 5 6 7 8 9 10 11 12 13 14 15 23 28 29 30 31 47 70 71 75 76 77 78 79 94 95 142 143 
[6, 3, 7, 4, -3, -4, -2, -1, 2]--- 29 points removed --- 3 4 5 6 7 8 9 10 11 12 13 14 15 23 28 29 30 31 47 70 71 75 76 77 78 79 95 142 143 
[6, 2, 8, 5, -4, -6, -5, -3, 7]--- 29 points removed --- 3 5 6 7 10 11 12 13 14 15 23 29 30 31 47 70 71 75 76 77 78 79 94 95 111 135 142 143 207 
[6, 3, 8, 5, -3, -5, -4, -2, 4]--- 29 points removed --- 3 4 5 6 7 9 10 11 12 13 14 15 23 29 30 31 47 70 71 75 76 77 78 79 95 135 142 143 207 
[7, 5, 8, 6, -2, -4, -3, -2, 1]--- 29 points removed --- 1 2 3 4 5 6 7 8 9 10 11 12 13 14 15 23 29 30 31 47 70 71 75 77 78 79 135 142 143 
[5, 3, 8, 5, -2, -4, -4, -2, 3]--- 28 points removed --- 2 3 4 5 6 7 9 10 11 12 13 14 15 23 30 31 47 70 71 75 77 78 79 95 135 142 143 207 
[6, 4, 8, 6, -2, -4, -3, -1, 1]--- 28 points removed --- 2 3 4 5 6 7 8 9 10 11 12 13 14 15 23 30 31 47 70 71 75 76 77 78 79 135 142 143 
[4, 3, 8, 6, -1, -5, -5, -2, 4]--- 28 points removed --- 2 3 4 5 6 7 10 11 12 13 14 15 23 30 31 47 70 71 75 77 78 79 134 135 142 143 199 207 
[7, 2, 8, 6, -5, -6, -5, -4, 8]--- 28 points removed --- 3 5 6 7 9 10 11 12 13 14 15 23 29 30 31 47 70 71 75 76 77 78 79 95 111 142 143 207 
[5, 3, 8, 6, -2, -5, -5, -2, 4]--- 28 points removed --- 2 3 4 5 6 7 10 11 12 13 14 15 23 30 31 47 70 71 75 77 78 79 95 134 135 142 143 207 
[7, 3, 8, 6, -4, -6, -5, -4, 7]--- 28 points removed --- 3 5 6 7 9 10 11 12 13 14 15 23 29 30 31 47 70 71 75 77 78 79 95 111 135 142 143 207 
[6, 2, 8, 4, -4, -6, -3, -1, 5]--- 28 points removed --- 4 5 6 7 10 11 12 13 14 15 23 28 29 30 31 47 70 71 75 76 77 78 79 94 95 142 143 207 
[5, 3, 8, 6, -2, -5, -4, -1, 3]--- 28 points removed --- 2 3 4 5 6 7 10 11 12 13 14 15 23 30 31 47 70 71 75 76 77 78 79 134 135 142 143 207 
[7, 2, 8, 5, -5, -6, -4, -3, 7]--- 28 points removed --- 5 6 7 9 10 11 12 13 14 15 23 29 30 31 47 70 71 75 76 77 78 79 94 95 111 142 143 207 
[8, 5, 8, 5, -3, -4, -1, -1, 0]--- 27 points removed --- 1 2 3 4 5 6 7 8 9 10 11 12 13 14 15 23 28 29 30 31 47 71 76 77 78 79 143 
[7, 4, 7, 5, -3, -3, -1, -1, 0]--- 27 points removed --- 1 2 3 4 5 6 7 8 9 10 11 12 13 14 15 28 29 30 31 47 71 75 76 77 78 79 143 
[5, 2, 8, 6, -3, -6, -6, -4, 8]--- 27 points removed --- 3 5 6 7 10 11 12 13 14 15 23 30 31 47 70 71 75 77 78 79 95 111 135 142 143 199 207 
[8, 6, 8, 5, -2, -4, -1, -2, 0]--- 27 points removed --- 1 2 3 4 5 6 7 8 9 10 11 12 13 14 15 21 23 28 29 30 31 47 71 77 78 79 143 
[3, 2, 6, 4, -1, -4, -4, -2, 4]--- 27 points removed --- 3 5 6 7 10 11 12 13 14 15 23 30 31 47 70 71 75 77 78 79 95 134 135 142 143 199 207 
[8, 5, 8, 4, -3, -5, -1, -2, 2]--- 26 points removed --- 3 4 5 6 7 8 9 10 11 12 13 14 15 21 23 28 29 30 31 47 71 76 77 78 79 143 
[5, 4, 8, 6, -2, -4, -2, 1, 0]--- 26 points removed --- 2 3 4 5 6 7 8 9 10 11 12 13 14 15 30 31 70 71 76 77 78 79 134 140 142 143 
[7, 4, 7, 6, -3, -2, -1, -2, 0]--- 26 points removed --- 1 2 3 4 5 6 7 8 9 10 11 12 13 14 15 29 31 47 71 73 75 76 77 78 79 143 
[6, 4, 8, 7, -1, -4, -3, 0, 0]--- 26 points removed --- 2 3 4 5 6 7 8 9 10 11 12 13 14 15 30 31 70 71 76 77 78 79 134 135 142 143 
[8, 3, 8, 5, -5, -4, -1, -2, 3]--- 26 points removed --- 4 5 6 7 8 9 10 11 12 13 14 15 28 29 30 31 47 71 73 75 76 77 78 79 95 143 
[8, 4, 8, 6, -4, -3, -1, -2, 1]--- 26 points removed --- 1 3 4 5 6 7 8 9 10 11 12 13 14 15 29 30 31 47 71 73 75 76 77 78 79 143 
[4, 5, 8, 6, -2, -3, -3, 1, 0]--- 25 points removed --- 2 3 4 5 6 7 8 9 10 11 12 13 14 15 30 31 70 78 79 134 135 138 140 142 143 
[7, 6, 8, 5, -1, -4, -2, -3, 1]--- 25 points removed --- 1 2 3 4 5 6 7 9 10 11 12 13 14 15 21 23 29 30 31 47 71 77 79 135 143 
[8, 2, 8, 6, -6, -5, -3, -4, 7]--- 25 points removed --- 5 6 7 9 10 11 12 13 14 15 29 30 31 47 71 73 75 76 77 78 79 95 111 143 207 
[8, 5, 7, 8, -3, -1, -2, -3, 0]--- 25 points removed --- 1 2 3 4 5 6 7 8 9 10 11 12 13 14 15 31 43 47 71 73 75 77 78 79 143 
[6, 4, 8, 3, -5, -4, -1, 1, 2]--- 25 points removed --- 4 5 6 7 8 9 10 11 12 13 14 15 26 28 29 30 31 76 77 78 79 94 140 142 143 
[7, 4, 7, 3, -3, -5, -1, -2, 3]--- 25 points removed --- 4 5 6 7 9 10 11 12 13 14 15 21 23 28 29 30 31 47 71 76 77 78 79 95 143 
[8, 5, 8, 4, -3, -6, -2, -3, 4]--- 25 points removed --- 3 4 5 6 7 9 10 11 12 13 14 15 21 23 28 29 30 31 47 71 77 78 79 95 143 
[8, 3, 8, 6, -5, -4, -2, -3, 4]--- 25 points removed --- 3 5 6 7 8 9 10 11 12 13 14 15 29 30 31 47 71 73 75 76 77 78 79 95 143 
[6, 4, 8, 5, -3, -4, -1, 1, 0]--- 25 points removed --- 2 4 5 6 7 8 9 10 11 12 13 14 15 28 29 30 31 70 76 77 78 79 140 142 143 
[4, 4, 8, 6, -2, -4, -3, 1, 1]--- 25 points removed --- 2 3 4 5 6 7 8 10 11 12 13 14 15 30 31 70 71 76 78 79 134 135 140 142 143 
[6, 5, 8, 4, -4, -3, -1, 1, 0]--- 25 points removed --- 2 4 5 6 7 8 9 10 11 12 13 14 15 26 28 29 30 31 76 77 78 79 140 142 143 
[7, 2, 7, 6, -5, -4, -3, -4, 6]--- 25 points removed --- 3 5 6 7 9 10 11 12 13 14 15 29 31 47 71 73 75 76 77 78 79 95 111 143 207 
[6, 3, 8, 4, -4, -5, -1, 1, 2]--- 25 points removed --- 4 5 6 7 8 9 10 11 12 13 14 15 28 29 30 31 70 76 77 78 79 94 140 142 143 
[4, 3, 7, 2, -5, -4, -2, 1, 4]--- 24 points removed --- 6 7 8 10 11 12 13 14 15 26 28 29 30 31 76 77 78 79 94 95 140 142 143 158 
[4, 5, 8, 3, -5, -3, -2, 2, 2]--- 24 points removed --- 4 6 7 8 9 10 11 12 13 14 15 26 28 29 30 31 76 78 79 138 140 142 143 158 
[7, 5, 8, 4, -2, -6, -3, -4, 5]--- 24 points removed --- 3 4 5 6 7 9 11 12 13 14 15 21 23 29 30 31 47 71 77 78 79 95 135 143 
[8, 5, 8, 4, -2, -4, 0, -1, 0]--- 24 points removed --- 1 3 4 5 6 7 8 9 10 11 12 13 14 15 21 23 28 29 30 31 76 77 78 79 
[4, 5, 7, 4, -3, -2, -2, 1, 0]--- 24 points removed --- 2 3 4 5 6 7 8 9 10 11 12 13 14 15 26 28 30 31 78 79 138 140 142 143 
[4, 5, 8, 5, -3, -3, -2, 2, 0]--- 24 points removed --- 2 4 5 6 7 8 9 10 11 12 13 14 15 28 30 31 76 78 79 134 138 140 142 143 
[8, 5, 8, 6, -5, -2, 0, -1, 0]--- 24 points removed --- 1 3 4 5 6 7 8 9 10 11 12 13 14 15 28 29 30 31 73 75 76 77 78 79 
[3, 4, 7, 6, -1, -3, -3, 1, 0]--- 24 points removed --- 2 3 4 5 6 7 8 10 11 12 13 14 15 30 70 71 78 79 134 135 138 140 142 143 
[-1, -3, -4, 2, 5, 6, 8, 4, 0]--- 23 points removed --- 32 48 64 80 96 97 100 104 112 113 128 160 161 176 192 208 224 225 228 232 240 241 248 
[6, 2, 5, 6, -4, -3, -4, -4, 6]--- 23 points removed --- 3 5 6 7 9 10 11 12 13 14 15 31 43 47 71 75 77 78 79 95 111 143 207 
[-3, -3, 2, -1, 3, 5, 5, 7, 0]--- 23 points removed --- 16 64 80 88 96 112 128 144 152 160 176 192 194 196 200 208 210 212 216 224 232 240 248 
[-3, -3, 4, -2, 3, 4, 5, 8, 0]--- 23 points removed --- 16 64 80 84 88 112 128 144 148 152 176 192 194 196 200 208 210 212 216 220 224 240 248 
[-3, -2, 1, -2, 3, 6, 6, 8, 0]--- 23 points removed --- 16 48 64 80 88 96 112 128 144 152 160 176 184 192 200 208 210 212 216 224 232 240 248 
[5, 5, 8, 5, -3, -3, -2, 1, 0]--- 23 points removed --- 2 3 4 5 6 7 8 9 10 11 12 13 14 15 28 30 31 76 78 79 140 142 143 
[3, 5, 8, 4, -4, -3, -3, 2, 2]--- 23 points removed --- 2 4 6 7 8 10 11 12 13 14 15 26 28 30 31 78 79 134 138 140 142 143 158 
[8, 2, 7, 8, -6, -4, -5, -6, 9]--- 23 points removed --- 3 5 7 9 10 11 12 13 14 15 31 43 47 71 73 75 77 78 79 95 111 143 207 
[5, 3, 8, 5, -3, -5, -2, 1, 2]--- 23 points removed --- 4 5 6 7 8 10 11 12 13 14 15 28 30 31 70 71 76 77 78 79 140 142 143 
[3, 4, 8, 7, 1, -4, -5, -1, 2]--- 23 points removed --- 2 3 4 5 6 7 10 11 12 13 14 15 23 70 71 78 79 131 134 135 142 143 199 
[3, 5, 8, 4, -4, -3, -2, 3, 1]--- 23 points removed --- 2 4 6 7 8 10 11 12 13 14 15 26 28 30 31 76 78 134 138 140 142 143 158 
[4, 5, 8, 6, 1, -3, -4, -2, 1]--- 23 points removed --- 1 2 3 4 5 6 7 10 11 12 13 14 15 23 31 70 71 79 131 134 135 142 143 
[4, 5, 8, 7, 1, -3, -4, -1, 0]--- 23 points removed --- 1 2 3 4 5 6 7 10 11 12 13 14 15 23 70 71 78 79 131 134 135 142 143 
[3, 4, 8, 6, 1, -4, -5, -2, 3]--- 23 points removed --- 2 3 4 5 6 7 10 11 13 14 15 23 31 70 71 78 79 131 134 135 142 143 199 
[5, 3, 8, 3, -5, -5, -2, 1, 4]--- 23 points removed --- 4 6 7 8 10 11 12 13 14 15 28 29 30 31 76 77 78 79 94 95 140 142 143 
[4, 4, 8, 5, -3, -4, -2, 2, 1]--- 23 points removed --- 2 4 5 6 7 8 10 11 12 13 14 15 28 30 31 70 76 78 79 134 140 142 143 
[7, 5, 8, 5, -5, -4, 1, 2, 0]--- 23 points removed --- 4 5 6 7 8 9 10 11 12 13 14 15 28 29 30 31 44 76 77 78 79 140 142 
[4, 5, 8, 4, -4, -3, -2, 2, 1]--- 23 points removed --- 2 4 6 7 8 9 10 11 12 13 14 15 26 28 30 31 76 78 79 138 140 142 143 
[4, 4, 8, 3, -5, -4, -2, 2, 3]--- 23 points removed --- 4 6 7 8 10 11 12 13 14 15 26 28 29 30 31 76 78 79 94 140 142 143 158 
[-3, -1, 2, -3, 3, 5, 6, 8, 0]--- 22 points removed --- 16 48 64 80 88 112 128 144 148 152 160 176 184 192 200 208 210 212 216 224 240 248 
[6, 6, 8, 5, 1, -2, -2, -4, 0]--- 22 points removed --- 1 2 3 4 5 6 7 9 10 11 12 13 14 15 19 21 23 31 71 79 135 143 
[4, 5, 7, 5, 1, -2, -3, -2, 0]--- 22 points removed --- 1 2 3 4 5 6 7 9 10 11 12 13 14 15 23 31 71 79 131 134 135 143 
[4, 6, 8, 5, -3, -2, -3, 2, 0]--- 22 points removed --- 2 3 4 6 7 8 9 10 11 12 13 14 15 26 30 31 78 134 138 140 142 143 
[7, -1, 7, 8, -8, -6, -2, -4, 11]--- 22 points removed --- 7 9 11 12 13 14 15 31 47 71 73 75 76 77 78 79 95 109 111 143 205 207 
[3, 5, 8, 3, -4, -2, -2, 2, 1]--- 22 points removed --- 2 4 6 7 8 9 10 11 12 13 14 15 26 28 30 31 78 138 140 142 143 158 
[2, 3, 7, 5, 1, -4, -5, -2, 4]--- 22 points removed --- 2 3 5 6 7 11 13 14 15 23 31 70 71 78 79 131 134 135 142 143 199 207 
[8, 3, 7, 8, -5, -3, -4, -5, 6]--- 22 points removed --- 3 5 6 7 9 10 11 12 13 14 15 31 43 47 71 73 75 77 78 79 111 143 
[6, 6, 8, 4, 1, -3, -2, -4, 1]--- 22 points removed --- 1 2 3 4 5 6 7 9 11 12 13 14 15 19 21 23 29 31 71 79 135 143 
[5, 6, 8, 5, 1, -2, -3, -3, 0]--- 22 points removed --- 1 2 3 4 5 6 7 9 10 11 12 13 14 15 19 23 31 71 79 131 135 143 
[2, 3, 8, 5, 1, -5, -6, -3, 6]--- 22 points removed --- 3 5 6 7 11 13 14 15 23 31 70 71 78 79 131 134 135 142 143 151 199 207 
[3, 4, 8, 2, -6, -3, -2, 2, 4]--- 22 points removed --- 6 8 10 11 12 13 14 15 26 28 29 30 31 76 78 79 94 138 140 142 143 158 
[3, 4, 8, 5, -2, -3, -2, 2, 0]--- 22 points removed --- 2 4 5 6 7 8 10 11 12 13 14 15 30 70 76 78 79 134 138 140 142 143 
[3, 6, 8, 4, -3, -2, -2, 2, 0]--- 22 points removed --- 2 4 6 7 8 9 10 11 12 13 14 15 26 28 30 31 78 134 138 140 142 143 
[2, -3, -3, -1, 8, 5, 8, 3, 0]--- 21 points removed --- 16 32 48 49 64 80 81 96 97 100 112 113 116 160 176 192 208 224 225 240 241 
[-3, -4, -1, 2, 4, 6, 8, 7, 0]--- 21 points removed --- 32 64 80 96 104 112 128 144 160 176 192 196 200 208 216 224 225 228 232 240 248 
[-2, -2, -4, 1, 6, 7, 8, 5, 0]--- 21 points removed --- 32 48 64 80 96 97 112 128 144 160 161 176 192 208 224 225 228 232 240 241 248 
[1, -3, -3, -2, 8, 7, 8, 4, 0]--- 21 points removed --- 16 32 48 49 64 80 81 96 97 112 113 116 144 160 176 192 208 224 225 240 241 
[4, -2, -3, -3, 8, 4, 8, 3, 0]--- 21 points removed --- 16 32 48 49 52 64 80 81 84 96 97 100 112 113 116 117 176 208 224 240 241 
[-2, -3, -3, 1, 5, 7, 8, 5, 0]--- 21 points removed --- 32 48 64 80 96 97 104 112 128 144 160 176 192 208 224 225 228 232 240 241 248 
[-2, -3, -2, 1, 4, 6, 7, 5, 0]--- 21 points removed --- 32 48 64 80 96 104 112 128 144 160 176 192 200 208 224 225 228 232 240 241 248 
[-3, -2, -2, -1, 5, 8, 8, 6, 0]--- 21 points removed --- 16 32 48 64 80 96 112 128 144 160 176 184 192 208 216 224 225 232 240 241 248 
[-3, -2, -1, -1, 4, 7, 7, 6, 0]--- 21 points removed --- 16 32 48 64 80 96 112 128 144 160 176 184 192 200 208 216 224 232 240 241 248 
[1, -4, -4, 2, 6, 5, 8, 4, 0]--- 21 points removed --- 32 48 64 80 96 97 100 104 112 113 116 160 176 192 208 224 225 228 232 240 241 
[-3, -4, -2, 1, 4, 7, 8, 6, 1]--- 21 points removed --- 32 64 80 96 104 112 128 144 160 176 192 200 208 216 224 225 228 232 240 241 248 
[3, 3, 5, 6, 1, -3, -3, 1, 0]--- 21 points removed --- 2 3 4 5 6 7 10 11 12 13 14 15 38 70 71 78 79 134 135 142 143 
[-4, -4, 2, 1, 4, 5, 6, 8, 0]--- 21 points removed --- 64 80 96 112 128 144 160 176 192 194 196 200 208 210 212 216 224 228 232 240 248 
[-4, -1, -1, -2, 5, 8, 8, 7, 0]--- 21 points removed --- 16 32 48 64 80 96 112 128 144 152 160 176 184 192 208 216 224 232 240 241 248 
[4, -1, 5, 6, -2, -6, -6, -4, 11]--- 21 points removed --- 6 7 11 13 14 15 31 47 70 71 75 77 78 79 95 103 111 135 143 199 207 
[-4, -2, -1, -2, 4, 8, 8, 7, 1]--- 21 points removed --- 16 48 64 80 96 112 128 144 152 160 176 184 192 200 208 216 224 232 240 241 248 
[-2, -2, -1, 0, 3, 5, 8, 4, 0]--- 20 points removed --- 32 48 64 80 96 112 128 144 160 176 192 200 208 216 224 225 232 240 241 248 
[-1, -2, -4, 0, 6, 7, 8, 5, 0]--- 20 points removed --- 32 48 64 80 96 97 112 113 128 144 160 176 192 208 224 225 232 240 241 248 
[-2, -4, -5, 2, 4, 6, 8, 3, 3]--- 20 points removed --- 32 64 96 97 104 112 113 160 161 176 192 208 224 225 228 232 233 240 241 248 
[-4, -2, 3, -2, 4, 5, 7, 8, 0]--- 20 points removed --- 16 64 80 112 128 144 148 152 160 176 192 196 200 208 210 212 216 224 240 248 
[8, 6, 5, 8, -4, 1, -2, -2, 0]--- 20 points removed --- 1 2 3 5 6 7 8 9 10 11 12 13 14 15 41 42 43 47 75 79 
[-1, -3, -2, 2, 3, 4, 8, 4, 0]--- 20 points removed --- 32 64 80 96 97 100 104 112 128 160 176 192 200 208 224 225 228 232 240 248 
[-1, -3, -3, -1, 7, 8, 8, 5, 0]--- 20 points removed --- 16 32 48 64 80 96 97 112 113 128 144 160 176 192 208 224 225 240 241 248 
[5, 6, 8, 4, 2, -2, -3, -4, 1]--- 20 points removed --- 1 2 3 4 5 6 7 9 11 13 14 15 19 21 23 31 71 131 135 143 
[8, 5, 6, 8, -3, 1, -1, -4, 0]--- 20 points removed --- 1 2 3 5 7 8 9 10 11 12 13 14 15 41 43 47 73 75 77 79 
[-2, -4, -2, 3, 4, 5, 8, 6, 0]--- 20 points removed --- 32 64 80 96 100 104 112 128 160 176 192 196 200 208 224 225 228 232 240 248 
[-4, -3, -2, -1, 4, 8, 8, 6, 2]--- 20 points removed --- 48 64 80 96 112 128 144 160 176 184 192 200 208 216 224 225 232 240 241 248 
[-2, -2, 3, -4, 4, 5, 6, 8, 0]--- 20 points removed --- 16 48 64 80 84 88 112 128 144 148 152 176 192 208 210 212 216 224 240 248 
[2, 6, 8, 5, -3, -4, -4, 2, 3]--- 20 points removed --- 2 4 6 7 10 11 12 13 14 15 30 31 78 134 135 138 140 142 143 158 
[-3, -3, 5, -2, 3, 2, 4, 8, 1]--- 20 points removed --- 16 64 80 84 88 128 144 148 152 192 194 196 200 208 210 212 214 216 220 240 
[-2, -4, 3, -2, 4, 5, 7, 8, 0]--- 20 points removed --- 16 64 80 84 88 96 112 128 144 176 192 196 200 208 210 212 216 224 240 248 
[-2, -4, -3, 2, 4, 6, 8, 5, 1]--- 20 points removed --- 32 64 80 96 97 104 112 128 160 176 192 200 208 224 225 228 232 240 241 248 
[-2, -4, -6, 3, 4, 5, 8, 2, 4]--- 20 points removed --- 32 96 97 100 104 112 113 160 161 176 192 224 225 228 229 232 233 240 241 248 
[-1, -4, -5, 3, 4, 5, 8, 3, 2]--- 20 points removed --- 32 64 96 97 100 104 112 113 160 161 176 192 224 225 228 232 233 240 241 248 
[-4, -2, 3, -4, 2, 5, 6, 8, 2]--- 20 points removed --- 16 80 88 112 128 144 148 152 176 184 192 200 208 210 212 216 220 224 240 248 
[2, 4, 8, 5, 2, -4, -6, -3, 5]--- 20 points removed --- 2 3 5 6 7 11 14 15 23 31 70 71 79 131 134 135 142 143 151 199 
[-4, -4, 3, -2, 2, 5, 6, 8, 2]--- 20 points removed --- 64 80 88 112 128 144 152 176 192 196 200 208 210 212 216 220 224 232 240 248 
[4, 6, 8, 5, 2, -2, -4, -3, 1]--- 20 points removed --- 1 2 3 4 5 6 7 10 11 13 14 15 19 23 31 71 131 134 135 143 
[8, 5, 5, 8, -3, 1, -2, -3, 0]--- 20 points removed --- 1 2 3 5 6 7 8 9 10 11 12 13 14 15 41 43 47 73 75 79 
[-4, 1, 2, -4, 4, 6, 8, 7, 0]--- 19 points removed --- 16 48 80 112 128 144 145 148 152 160 176 184 192 208 212 216 224 240 248 
[3, -2, -4, -2, 8, 5, 8, 4, 0]--- 19 points removed --- 16 32 48 49 52 64 80 96 97 100 112 113 116 160 176 208 224 240 241 
[-4, -4, 3, -1, 2, 4, 5, 8, 2]--- 19 points removed --- 64 80 88 128 144 152 192 194 196 200 208 210 212 216 220 224 232 240 248 
[5, -2, -4, -2, 8, 3, 8, 4, 0]--- 19 points removed --- 16 32 36 48 49 52 64 80 84 96 97 100 112 113 116 117 176 224 240 
[-1, -3, 2, -4, 5, 6, 7, 8, 0]--- 19 points removed --- 16 48 64 80 84 88 96 112 128 144 176 192 208 210 212 216 224 240 248 
[3, -2, -2, -4, 8, 5, 8, 4, 0]--- 19 points removed --- 16 32 48 49 52 64 80 81 84 96 112 113 116 144 176 208 224 240 241 
[2, -3, -5, 2, 7, 4, 8, 5, 0]--- 19 points removed --- 32 36 48 64 80 96 97 100 104 112 113 116 160 176 192 224 225 228 240 
[-2, -4, 3, -1, 4, 4, 5, 8, 0]--- 19 points removed --- 16 64 80 84 88 96 112 128 144 192 194 196 200 208 210 212 216 224 240 
[-2, -6, -8, -2, 2, 3, 3, -3, 15]--- 19 points removed --- 97 112 113 115 117 121 224 225 227 229 233 240 241 243 245 248 249 251 253 
[3, -4, -2, -2, 8, 5, 8, 4, 0]--- 19 points removed --- 16 32 48 64 80 81 84 96 97 100 112 113 116 176 192 208 224 240 241 
[4, -1, 8, 8, -5, -8, -6, -7, 16]--- 19 points removed --- 7 11 13 14 15 31 47 71 75 77 78 79 95 111 135 143 199 205 207 
[4, 5, 8, 3, 2, -3, -4, -5, 4]--- 19 points removed --- 1 3 5 6 7 11 13 14 15 19 21 23 31 71 79 131 135 143 151 
[-4, -5, -6, 1, 3, 7, 8, 2, 7]--- 19 points removed --- 96 97 104 112 113 160 161 176 192 208 224 225 228 232 233 240 241 248 249 
[-1, -4, -5, 3, 4, 4, 8, 2, 3]--- 19 points removed --- 32 64 96 97 100 104 112 113 160 161 192 224 225 228 229 232 233 240 241 
[-5, -2, 4, -1, 5, 5, 6, 8, 0]--- 19 points removed --- 16 64 80 128 144 148 152 160 176 192 194 196 200 208 210 212 216 224 240 
[-4, -3, 2, -3, 1, 5, 6, 7, 3]--- 19 points removed --- 80 88 112 128 144 152 176 184 192 200 208 210 212 216 220 224 232 240 248 
[3, -4, -4, -2, 8, 5, 8, 2, 2]--- 19 points removed --- 32 48 49 64 80 81 96 97 100 112 113 116 117 176 208 224 225 240 241 
[-2, -5, -4, 3, 3, 5, 8, 4, 3]--- 19 points removed --- 32 64 96 97 100 104 112 160 192 200 208 224 225 228 232 233 240 241 248 
[-1, -4, -2, 3, 4, 4, 8, 5, 0]--- 19 points removed --- 32 64 80 96 97 100 104 112 128 160 192 196 200 208 224 225 228 232 240 
[3, 5, 8, 4, 2, -3, -5, -4, 4]--- 19 points removed --- 2 3 5 6 7 11 13 14 15 19 23 31 71 79 131 134 135 143 151 
[-3, -4, -6, 2, 3, 5, 7, 1, 6]--- 19 points removed --- 96 97 104 112 113 160 161 176 192 224 225 228 229 232 233 240 241 248 249 
[2, 6, 8, 5, -4, -5, -5, 1, 6]--- 19 points removed --- 6 7 10 11 12 13 14 15 30 31 78 79 134 135 138 140 142 143 158 
[8, 5, 4, 8, -4, 2, -2, -3, 1]--- 19 points removed --- 1 2 3 7 8 9 10 11 12 13 14 15 41 42 43 47 73 75 79 
[-4, -7, -8, 1, 4, 5, 6, -2, 13]--- 18 points removed --- 96 97 112 113 161 224 225 227 228 229 232 233 240 241 243 245 248 249 
[4, -1, -6, -1, 8, 4, 8, 6, 0]--- 18 points removed --- 16 32 36 48 49 52 64 80 96 97 100 112 113 116 160 176 224 240 
[-3, 1, -2, -3, 5, 8, 7, 8, 0]--- 18 points removed --- 16 32 48 80 96 112 128 144 152 160 176 178 184 192 208 224 240 248 
[5, -2, -3, -2, 7, 2, 7, 3, 0]--- 18 points removed --- 16 32 36 48 49 52 64 80 81 84 96 97 100 112 113 116 117 240 
[4, 5, 7, 2, 1, -4, -3, -5, 5]--- 18 points removed --- 3 5 6 7 11 13 14 15 19 21 23 29 31 71 79 135 143 151 
[-4, -4, 5, -2, 4, 3, 4, 8, 2]--- 18 points removed --- 64 80 84 128 144 148 192 194 196 200 208 210 212 214 216 220 224 240 
[4, 6, 8, 3, 3, -2, -4, -5, 3]--- 18 points removed --- 1 2 3 5 6 7 11 13 15 19 21 23 31 71 131 135 143 151 
[-2, -8, -8, -2, 4, 5, 5, -3, 15]--- 18 points removed --- 96 97 112 113 115 117 121 224 225 227 229 233 240 241 243 245 248 249 
[-3, 1, -1, -3, 4, 7, 6, 8, 0]--- 18 points removed --- 16 32 48 80 112 128 144 152 160 176 178 184 192 208 216 224 240 248 
[4, -1, 2, 4, -3, -4, -3, -4, 9]--- 18 points removed --- 7 11 13 14 15 31 47 71 75 77 78 79 95 103 109 111 143 207 
[1, -4, 2, -4, 6, 5, 8, 7, 0]--- 18 points removed --- 16 48 64 80 81 84 88 96 112 116 144 176 192 208 212 216 224 240 
[-5, -6, -4, 1, 2, 7, 8, 4, 7]--- 18 points removed --- 96 104 112 160 176 192 200 208 216 224 225 228 232 233 240 241 248 249 
[1, -3, -5, 3, 5, 4, 8, 5, 0]--- 18 points removed --- 32 36 48 64 96 97 100 104 112 116 160 176 192 224 225 228 232 240 
[3, -2, -5, 1, 6, 3, 7, 5, 0]--- 18 points removed --- 32 36 48 52 64 80 96 97 100 104 112 113 116 160 176 224 228 240 
[2, 4, 8, 3, 2, -3, -5, -4, 5]--- 18 points removed --- 3 5 6 7 11 14 15 19 23 31 71 79 131 134 135 143 151 199 
[2, -1, -3, -4, 8, 6, 8, 5, 0]--- 18 points removed --- 16 32 48 49 52 64 80 96 112 113 116 144 160 176 208 224 240 241 
[2, -3, -1, -3, 8, 5, 8, 4, 0]--- 18 points removed --- 16 32 48 64 80 81 84 96 112 113 116 144 176 192 208 224 240 241 
[2, -4, 1, -4, 7, 5, 8, 6, 0]--- 18 points removed --- 16 48 64 80 81 84 88 96 112 113 116 144 176 192 208 212 224 240 
[-3, -5, -4, 2, 3, 6, 8, 4, 4]--- 18 points removed --- 64 96 97 104 112 160 176 192 200 208 224 225 228 232 233 240 241 248 
[3, 6, 8, 4, 3, -2, -5, -4, 3]--- 18 points removed --- 1 2 3 5 6 7 11 14 15 19 23 31 71 131 134 135 143 151 
[2, 5, 8, 4, 3, -3, -6, -4, 5]--- 18 points removed --- 2 3 5 6 7 11 14 15 19 23 31 71 131 134 135 143 151 199 
[-4, -6, -8, 2, 4, 5, 7, -1, 11]--- 18 points removed --- 96 97 112 113 160 161 224 225 227 228 229 232 233 240 241 245 248 249 
[3, 5, 7, 3, 2, -2, -4, -4, 3]--- 18 points removed --- 1 2 3 5 6 7 11 13 14 15 19 23 31 71 131 135 143 151 
[2, 1, -4, -4, 8, 6, 7, 6, 0]--- 17 points removed --- 16 32 48 49 50 52 80 96 112 113 116 144 160 176 208 224 240 
[6, 4, 7, -1, -8, -6, -4, 2, 11]--- 17 points removed --- 10 12 13 14 15 26 28 29 30 31 62 78 79 94 95 142 158 
[8, 8, 7, 5, 1, -5, 1, -3, 0]--- 17 points removed --- 1 3 4 5 6 7 9 11 12 13 14 15 21 23 29 31 37 
[4, 1, -6, -2, 8, 4, 7, 6, 0]--- 17 points removed --- 16 32 36 48 49 50 52 80 96 100 112 113 116 160 176 224 240 
[-1, -5, -5, -3, 1, 3, 2, -3, 12]--- 17 points removed --- 97 112 113 115 117 121 123 225 233 240 241 243 245 248 249 251 253 
[-3, -6, -5, -1, 1, 3, 3, -2, 12]--- 17 points removed --- 97 113 121 224 225 227 229 232 233 240 241 243 245 248 249 251 253 
[1, -3, -4, 3, 3, 2, 8, 4, 1]--- 17 points removed --- 32 36 64 96 97 100 104 108 112 116 160 192 224 225 228 232 240 
[1, -6, -6, -5, 3, 4, 2, -5, 15]--- 17 points removed --- 49 81 97 112 113 115 117 119 121 123 225 240 241 243 245 249 251 
[5, 6, 8, 2, 2, -4, -3, -6, 5]--- 17 points removed --- 1 3 5 6 7 11 13 15 19 21 23 29 31 71 135 143 151 
[-3, -8, -8, -1, 3, 5, 5, -2, 15]--- 17 points removed --- 96 97 112 113 121 224 225 227 229 232 233 240 241 243 245 248 249 
[8, -1, 8, 4, -3, -8, -5, 1, 9]--- 17 points removed --- 6 7 12 13 14 15 30 31 70 71 76 77 78 79 86 94 95 
[6, 8, 7, 6, -4, 1, -4, 2, 0]--- 17 points removed --- 2 3 6 7 8 9 10 11 12 13 14 15 26 30 42 138 142 
[3, -6, -6, -4, 8, 5, 8, -1, 8]--- 17 points removed --- 48 49 80 81 96 97 112 113 115 116 117 121 224 225 240 241 245 
[-6, -5, -4, -1, 2, 8, 8, 4, 8]--- 17 points removed --- 96 112 160 176 184 192 200 208 216 224 225 232 233 240 241 248 249 
[1, -8, -8, -4, 7, 5, 6, -3, 14]--- 17 points removed --- 49 81 96 97 112 113 115 116 117 121 224 225 240 241 243 245 249 
[-4, -6, -3, 2, 2, 6, 8, 5, 5]--- 17 points removed --- 64 96 104 112 160 192 200 208 216 224 225 228 232 233 240 241 248 
[-4, -7, -5, 2, 2, 7, 8, 3, 8]--- 17 points removed --- 96 97 104 112 160 192 200 208 224 225 228 232 233 240 241 248 249 
[-1, -4, -3, 4, 4, 2, 6, 3, 2]--- 16 points removed --- 32 64 96 97 100 104 112 160 192 196 224 225 228 229 232 240 
[-1, -6, -6, -3, 2, 4, 2, -4, 14]--- 16 points removed --- 97 112 113 115 117 121 123 225 227 233 240 241 243 245 249 251 
[4, 2, -7, -1, 8, 4, 6, 7, 0]--- 16 points removed --- 16 32 34 36 48 49 50 52 96 100 112 116 160 176 224 240 
[7, 8, 6, 7, -4, 2, -4, 1, 0]--- 16 points removed --- 2 3 6 7 8 9 10 11 12 13 14 15 26 42 43 138 
[-6, -5, -8, 3, 2, 6, 7, -1, 12]--- 16 points removed --- 96 97 160 161 169 224 225 227 228 229 232 233 240 241 248 249 
[-1, 3, -6, -1, 7, 8, 5, 8, 0]--- 16 points removed --- 16 32 34 48 50 96 112 128 144 160 162 176 178 184 224 240 
[6, 8, 7, 5, -2, 1, -6, 3, 0]--- 16 points removed --- 2 3 6 7 8 10 11 12 14 15 18 26 30 42 138 142 
[-5, -8, -3, 2, -1, 7, 6, 3, 10]--- 16 points removed --- 96 104 192 200 201 208 216 224 225 232 233 234 240 241 248 249 
[3, -2, -5, 2, 4, 1, 6, 5, 1]--- 16 points removed --- 32 36 48 52 64 96 97 100 104 108 112 116 160 224 228 240 
[2, -5, -6, -6, 3, 4, 1, -6, 16]--- 16 points removed --- 49 51 81 97 112 113 115 117 119 121 123 241 243 245 249 251 
[-6, -4, -3, -2, 2, 8, 8, 5, 7]--- 16 points removed --- 112 144 160 176 184 192 200 208 216 224 225 232 240 241 248 249 
[-3, 2, -4, -1, 7, 8, 6, 8, 0]--- 16 points removed --- 16 32 48 96 112 128 144 160 162 176 178 184 192 208 224 240 
[-1, 7, 6, 4, -2, -5, -5, 3, 6]--- 16 points removed --- 6 7 10 12 14 15 30 134 135 138 140 142 143 150 158 174 
[-1, 2, -3, -3, 6, 7, 5, 7, 0]--- 16 points removed --- 16 32 48 50 80 96 112 128 144 160 176 178 184 208 224 240 
[1, 2, -4, -4, 8, 7, 6, 7, 0]--- 16 points removed --- 16 32 48 49 50 52 80 96 112 144 160 176 178 208 224 240 
[1, 4, -6, -2, 8, 7, 4, 7, 0]--- 16 points removed --- 16 32 34 48 49 50 52 96 112 144 160 162 176 178 224 240 
[6, 2, 7, -1, -8, -5, -6, 3, 12]--- 16 points removed --- 10 12 14 15 26 28 30 31 62 78 79 90 94 95 142 158 
[-7, -4, -2, -3, 1, 8, 8, 6, 8]--- 16 points removed --- 112 144 152 160 176 184 192 200 208 216 224 232 240 241 248 249 
[2, -3, -6, 3, 4, 2, 8, 6, 2]--- 16 points removed --- 32 36 48 64 96 97 100 104 108 112 116 160 224 228 232 240 
[-3, -7, -6, -2, 1, 4, 4, -2, 14]--- 16 points removed --- 97 112 113 121 224 225 232 233 240 241 243 245 248 249 251 253 
[1, -7, -7, -6, 5, 3, 4, -4, 16]--- 16 points removed --- 49 81 97 112 113 115 116 117 119 121 225 240 241 243 245 249 
[2, 4, -7, -1, 8, 6, 4, 7, 0]--- 16 points removed --- 16 32 34 36 48 49 50 52 96 112 160 162 176 178 224 240 
[-2, -7, -6, -3, 1, 4, 2, -4, 16]--- 16 points removed --- 97 113 115 121 123 225 227 233 240 241 243 245 248 249 251 253 
[-2, 3, -4, -2, 6, 8, 5, 8, 0]--- 16 points removed --- 16 32 48 50 96 112 128 144 160 162 176 178 184 208 224 240 
[5, 8, 8, 6, 3, 1, -2, -6, 0]--- 15 points removed --- 1 2 3 5 6 7 9 11 13 15 19 23 129 131 135 
[2, 7, -5, -3, 8, 7, 1, 6, 0]--- 15 points removed --- 16 18 32 34 48 49 50 51 52 112 144 160 162 176 178 
[6, 8, 8, 5, 3, 1, -6, -2, 0]--- 15 points removed --- 1 2 3 5 6 7 10 11 14 15 18 19 23 131 135 
[-4, -4, 8, -5, 5, -2, 3, 6, 7]--- 15 points removed --- 80 84 86 144 148 150 192 196 208 210 212 213 214 216 220 
[1, 6, -5, -3, 8, 7, 2, 7, 0]--- 15 points removed --- 16 18 32 34 48 49 50 52 112 144 160 162 176 178 240 
[5, -3, 4, 7, -7, -5, 1, -2, 10]--- 15 points removed --- 12 13 14 15 73 75 76 77 78 79 108 109 111 205 207 
[-2, 8, 6, 5, -1, -7, -7, 3, 9]--- 15 points removed --- 6 7 14 15 30 134 135 138 140 142 143 150 158 166 174 
[-4, 1, -4, 2, 8, 8, 7, 6, 0]--- 15 points removed --- 32 48 96 112 128 144 160 161 162 176 192 208 224 225 240 
[-4, 2, -4, 1, 8, 8, 6, 7, 0]--- 15 points removed --- 32 48 96 112 128 144 160 161 162 176 178 192 208 224 240 
[7, 8, 5, 6, -1, 3, -7, 2, 0]--- 15 points removed --- 2 3 6 7 8 10 11 14 15 18 26 34 42 43 138 
[-2, 4, -6, 1, 8, 8, 4, 7, 0]--- 15 points removed --- 32 34 48 50 96 112 128 144 160 161 162 176 178 224 240 
[-2, -5, -6, -4, -1, 4, 2, -4, 16]--- 15 points removed --- 113 115 121 123 185 225 233 240 241 243 245 248 249 251 253 
[-5, -6, -7, -2, -1, 5, 5, -2, 16]--- 15 points removed --- 113 121 185 224 225 232 233 240 241 243 245 248 249 251 253 
[5, -4, 6, 8, -8, -2, 1, -6, 12]--- 15 points removed --- 9 11 13 15 73 75 76 77 78 79 109 111 201 205 207 
[-1, 6, 8, 5, 3, -6, -8, -2, 9]--- 15 points removed --- 3 6 7 14 15 23 71 131 134 135 142 143 150 151 199 
[1, 3, -2, -5, 8, 6, 4, 6, 0]--- 15 points removed --- 16 18 32 48 49 50 52 80 112 144 160 176 178 208 240 
[7, 8, 5, 7, -2, 3, -6, 1, 0]--- 15 points removed --- 2 3 6 7 8 9 10 11 14 15 26 34 42 43 138 
[7, 8, 6, 5, -1, 2, -7, 3, 0]--- 15 points removed --- 2 3 6 7 8 10 11 14 15 18 26 30 34 42 138 
[-1, 2, 8, 6, 3, -5, -8, -6, 12]--- 15 points removed --- 3 6 7 15 23 71 79 131 134 135 143 151 195 199 207 
[8, 1, 7, 8, -8, -8, 2, 2, 7]--- 14 points removed --- 4 8 12 13 14 15 28 44 76 77 78 79 108 140 
[4, 7, 6, -1, 3, -5, -2, -7, 8]--- 14 points removed --- 3 5 7 13 15 19 21 23 29 31 55 135 149 151 
[5, 5, 4, 5, -1, -5, 2, 2, 0]--- 14 points removed --- 4 5 6 7 8 12 13 14 15 28 36 44 76 140 
[1, 8, -7, 4, 6, 5, -2, 8, 1]--- 14 points removed --- 2 32 34 36 38 42 48 50 160 162 166 170 176 178 
[-4, -3, -5, -1, -2, 4, 4, -1, 11]--- 14 points removed --- 121 169 184 185 224 225 232 233 240 241 248 249 251 253 
[-3, 7, -8, -1, 4, 5, -2, 6, 7]--- 14 points removed --- 32 34 48 50 160 162 166 170 176 178 179 182 184 186 
[-5, 1, -2, 3, 7, 8, 6, 4, 0]--- 14 points removed --- 32 96 128 129 144 160 161 162 176 192 208 224 225 240 
[6, -2, -8, 2, 5, -1, 8, 8, 3]--- 14 points removed --- 32 36 44 48 52 96 100 104 108 112 116 124 224 228 
[-1, 8, -8, 1, 6, 6, -2, 8, 3]--- 14 points removed --- 32 34 38 42 48 50 160 162 166 170 176 178 182 186 
[-2, 8, -7, 2, 3, 3, -4, 7, 6]--- 14 points removed --- 32 34 38 42 50 160 162 166 170 174 176 178 182 186 
[-5, 2, 2, -1, 5, 5, 8, 4, 0]--- 13 points removed --- 16 128 129 144 145 148 152 160 176 192 208 224 240 
[7, 7, 6, 8, 2, -1, -7, 4, 0]--- 13 points removed --- 2 3 4 6 7 10 11 14 15 34 38 70 134 
[-8, -5, -6, -4, -1, 8, 8, 2, 16]--- 13 points removed --- 176 184 185 208 216 224 225 232 233 240 241 248 249 
[-2, 8, 5, 6, 1, -8, -8, 3, 10]--- 13 points removed --- 6 7 14 15 38 134 135 142 143 150 158 166 174 
[8, 3, -7, 3, 7, -1, 5, 7, 0]--- 13 points removed --- 4 32 34 36 37 38 44 48 52 96 100 112 116 
[5, 3, -8, 1, 8, 2, 4, 8, 1]--- 13 points removed --- 32 34 36 38 48 50 52 96 100 112 116 160 176 
[6, 8, 5, -1, -3, -6, 1, -3, 7]--- 13 points removed --- 5 7 12 13 14 15 21 23 28 29 30 31 61 
[3, 7, -4, -2, 8, 7, -1, 5, 0]--- 13 points removed --- 2 16 18 32 34 48 49 50 51 160 162 176 178 
[6, -2, -4, -2, 5, -1, 6, 4, 3]--- 13 points removed --- 32 36 48 52 80 84 96 100 112 113 116 117 124 
[-8, -2, -4, -6, -1, 8, 8, 5, 13]--- 13 points removed --- 144 152 176 184 185 208 216 224 232 240 241 248 249 
[8, 1, -7, 3, 5, -3, 7, 7, 2]--- 13 points removed --- 4 32 36 37 38 44 48 52 96 100 108 112 116 
[8, 8, 6, 5, 1, 3, -8, 2, 0]--- 13 points removed --- 2 3 6 7 10 11 14 15 18 19 26 34 42 
[4, 6, -8, 1, 8, 5, 2, 8, 0]--- 13 points removed --- 32 34 36 38 48 50 52 96 112 160 162 176 178 
[-3, 8, 6, 5, 1, -8, -8, 2, 11]--- 13 points removed --- 6 7 14 15 134 135 142 143 150 151 158 166 174 
[1, 7, 6, 8, 2, -7, -7, 2, 6]--- 13 points removed --- 2 4 6 7 14 15 38 70 134 135 142 143 166 
[8, 8, 5, 6, 1, 2, -8, 3, 0]--- 13 points removed --- 2 3 6 7 10 11 14 15 18 26 34 38 42 
[2, 8, -6, -3, 8, 8, -1, 5, 2]--- 13 points removed --- 16 18 32 34 48 49 50 51 160 162 176 178 179 
[5, 5, 4, 8, 2, -5, -1, 2, 0]--- 13 points removed --- 2 4 5 6 7 12 13 14 15 36 38 70 134 
[2, 8, -6, 1, 7, 7, -2, 8, 0]--- 12 points removed --- 2 18 32 34 38 42 48 50 160 162 176 178 
[-4, -1, -5, -2, -4, 3, 4, -2, 13]--- 12 points removed --- 121 169 184 185 189 232 233 241 248 249 251 253 
[6, 6, 2, 3, 1, 3, -6, 4, 0]--- 12 points removed --- 2 3 6 10 11 14 18 26 34 38 42 50 
[-2, 5, -5, -2, 4, 6, 1, 6, 3]--- 12 points removed --- 32 34 48 50 144 160 162 176 178 184 186 240 
[-8, -5, -6, 2, -2, 8, 8, -3, 16]--- 12 points removed --- 161 169 185 201 224 225 232 233 240 241 248 249 
[4, 4, 2, 4, 1, -4, 1, 1, 0]--- 12 points removed --- 4 5 6 7 12 13 14 15 36 37 38 44 
[5, 8, -3, -4, 8, 8, -1, 4, 0]--- 12 points removed --- 2 16 18 19 32 34 48 49 50 51 176 178 
[1, 4, -2, 6, -3, 6, -8, 3, 7]--- 12 points removed --- 2 10 11 34 42 43 106 138 162 170 171 234 
[2, -3, -6, -6, 3, 4, -1, -6, 16]--- 12 points removed --- 49 51 113 115 117 119 121 123 179 241 243 251 
[8, 8, 6, 7, 2, -7, 2, -1, 0]--- 12 points removed --- 1 4 5 6 7 12 13 14 15 21 36 37 
[-7, -2, 8, -7, 6, -3, 3, 5, 11]--- 12 points removed --- 84 144 148 149 150 196 208 210 212 213 214 220 
[8, 8, 4, 3, 1, 5, -8, 4, 0]--- 12 points removed --- 2 3 6 10 11 14 18 19 26 34 42 50 
[-5, 2, -2, -5, 1, 6, 4, 6, 6]--- 12 points removed --- 48 144 152 160 176 178 184 186 208 216 240 248 
[3, -2, -7, -6, 4, 3, -1, -6, 16]--- 12 points removed --- 49 51 55 113 115 117 119 121 123 179 241 243 
[-3, 4, -4, 5, -4, 5, -8, 4, 11]--- 12 points removed --- 10 34 42 43 106 138 162 170 171 174 186 234 
[4, 8, -4, -6, 8, 8, -1, 3, 3]--- 12 points removed --- 16 18 19 32 34 48 49 50 51 176 178 179 
[3, 5, 1, 4, -2, 4, -4, 2, 1]--- 12 points removed --- 2 3 8 10 11 14 26 34 42 43 138 170 
[2, 2, 1, 3, -2, -3, 3, 3, 1]--- 12 points removed --- 4 8 12 13 14 28 36 44 76 108 140 172 
[-4, 8, 3, 4, 1, -8, -8, 5, 12]--- 12 points removed --- 6 14 38 134 135 142 143 150 158 166 174 182 
[1, -3, -7, -5, 2, 4, -1, -5, 16]--- 12 points removed --- 49 51 113 115 119 121 123 179 241 243 249 251 
[-5, 8, 4, 3, 1, -8, -8, 4, 13]--- 12 points removed --- 6 14 134 135 142 143 150 151 158 166 174 182 
[6, -2, -5, -1, 4, -2, 6, 5, 4]--- 12 points removed --- 32 36 48 52 84 96 100 108 112 116 117 124 
[-1, 8, -8, -2, 7, 7, -2, 6, 5]--- 12 points removed --- 32 34 48 50 51 160 162 176 178 179 182 186 
[-7, 8, 1, 7, -2, -6, -6, 7, 13]--- 11 points removed --- 14 134 138 140 142 143 158 166 170 172 174 
[-2, 3, -3, 2, -1, 2, -8, 3, 10]--- 11 points removed --- 34 42 138 162 166 170 171 174 178 186 234 
[-8, -7, -6, 2, -2, 8, 8, -1, 16]--- 11 points removed --- 169 200 201 224 225 232 233 240 241 248 249 
[-6, 2, -5, 6, -5, 1, -7, 6, 16]--- 11 points removed --- 42 138 142 162 166 170 171 174 186 234 238 
[-1, -3, -3, -3, 1, 8, -1, -4, 11]--- 11 points removed --- 113 115 121 123 179 211 227 241 243 249 251 
[8, 7, -1, 7, 6, -7, 2, 6, 0]--- 11 points removed --- 4 5 6 12 32 36 37 38 44 52 100 
[-8, 2, 1, 1, 8, 8, 8, 6, 0]--- 11 points removed --- 128 129 144 145 160 161 176 192 208 224 240 
[3, 8, -4, 5, 5, 2, -3, 8, 0]--- 11 points removed --- 2 6 32 34 36 38 42 50 160 162 166 
[-2, -4, -4, -3, 2, 5, -1, -5, 14]--- 11 points removed --- 113 115 123 179 211 225 227 241 243 249 251 
[8, -1, 8, -2, -7, -6, -8, 2, 16]--- 11 points removed --- 14 15 26 30 31 78 79 86 90 94 95 
[1, 3, 2, 3, -3, -3, 2, 3, 2]--- 11 points removed --- 4 8 12 13 14 28 44 76 140 142 172 
[-8, 1, -4, -8, -2, 8, 7, 6, 14]--- 11 points removed --- 144 152 176 184 185 186 208 216 240 248 249 
[-1, -3, -4, -4, 2, 8, -2, -7, 16]--- 11 points removed --- 51 113 115 123 179 211 227 241 243 249 251 
[3, -1, -3, -3, 3, 3, 2, -2, 5]--- 11 points removed --- 48 49 51 81 97 112 113 115 117 121 241 
[8, -2, 8, -1, -4, -5, -6, 2, 12]--- 11 points removed --- 14 15 30 31 70 78 79 86 90 94 95 
[-2, -4, -3, -4, 1, 8, -2, -6, 16]--- 11 points removed --- 113 115 123 179 211 219 227 241 243 249 251 
[2, 3, 1, 5, 3, -2, -2, 3, 0]--- 11 points removed --- 2 4 6 7 14 34 36 38 70 134 166 
[5, -1, 3, 5, -5, -5, 2, 1, 6]--- 11 points removed --- 12 13 14 15 44 76 77 78 79 108 109 
[-6, 2, -2, -6, -1, 8, 4, 5, 9]--- 11 points removed --- 144 152 176 178 184 185 186 208 216 240 248 
[3, 1, -4, -7, 8, 3, -2, -4, 12]--- 10 points removed --- 19 49 50 51 55 113 115 119 179 243 
[-1, -5, -4, -5, 0, 8, -1, -5, 16]--- 10 points removed --- 113 115 121 123 211 219 241 243 249 251 
[-3, -4, -4, -3, 3, -2, 8, -6, 16]--- 10 points removed --- 113 117 181 213 225 229 241 245 249 253 
[8, 8, 1, -5, 7, 8, -6, 2, 3]--- 10 points removed --- 2 3 16 18 19 26 34 48 50 51 
[-4, 3, 2, -1, 2, -4, -3, 2, 8]--- 10 points removed --- 134 135 142 148 150 151 158 166 182 214 
[2, 7, -6, -8, 8, 7, -6, -1, 13]--- 10 points removed --- 18 19 48 49 50 51 55 115 178 179 
[-5, 4, -1, 5, -2, -2, -3, 5, 8]--- 10 points removed --- 134 138 140 142 162 166 170 172 174 238 
[-6, 1, 8, -6, 6, -4, 4, 1, 10]--- 10 points removed --- 144 145 148 149 150 151 208 212 213 214 
[4, 3, -2, 3, 3, -2, 1, 3, 0]--- 10 points removed --- 4 6 32 34 36 37 38 44 52 100 
[-3, 3, 3, -2, 3, 2, 8, 1, 1]--- 10 points removed --- 16 128 129 144 145 148 149 152 176 208 
[-7, 6, 7, -8, 8, -6, 2, -1, 14]--- 10 points removed --- 21 144 145 148 149 150 151 181 212 213 
[4, 2, -2, 3, 1, -3, 3, 3, 1]--- 10 points removed --- 4 12 32 36 37 38 44 52 100 108 
[8, 8, 3, -2, 5, 8, -6, 3, 0]--- 10 points removed --- 2 3 10 16 18 19 26 34 50 51 
[-2, 4, 2, 3, -3, -3, -1, 3, 5]--- 10 points removed --- 12 14 134 138 140 142 143 158 172 174 
[2, 4, -1, 4, 4, -1, -2, 4, 0]--- 10 points removed --- 2 4 6 32 34 36 38 134 162 166 
[3, 2, -3, -3, 4, 3, 2, 1, 2]--- 10 points removed --- 16 32 48 49 50 51 52 112 113 176 
[-3, -2, -4, -3, -2, 1, 3, -3, 13]--- 10 points removed --- 121 185 189 233 241 245 248 249 251 253 
[-3, 8, 2, 4, -4, -1, -4, 4, 7]--- 10 points removed --- 10 14 134 138 140 142 143 158 170 174 
[-7, 2, 7, -7, 7, 1, 8, 6, 6]--- 10 points removed --- 16 128 144 145 148 149 152 176 208 212 
[-5, 3, -2, 5, -2, -1, -4, 5, 9]--- 10 points removed --- 134 138 142 162 166 170 172 174 234 238 
[-2, 3, -1, 3, -3, 2, -8, 3, 10]--- 10 points removed --- 10 42 138 142 162 170 171 174 186 234 
[8, -4, -5, 4, -3, -4, 8, 5, 8]--- 10 points removed --- 36 44 76 96 100 104 108 109 116 124 
[2, 6, 3, 5, -4, 3, -5, 4, 3]--- 10 points removed --- 2 8 10 11 14 26 42 138 142 170 
[-2, 1, -3, 3, -3, 2, -4, 3, 8]--- 10 points removed --- 42 106 138 162 170 171 174 186 234 238 
[3, 8, -1, 2, 2, 2, -3, 6, 0]--- 10 points removed --- 2 6 10 18 32 34 38 42 50 162 
[-4, -4, -3, -2, 5, 8, -3, -6, 16]--- 9 points removed --- 115 179 195 211 225 227 241 243 251 
[-3, -8, -7, 5, -4, 8, 4, 5, 14]--- 9 points removed --- 96 104 106 200 224 232 233 234 248 
[1, 2, -3, -4, 4, 3, -3, -2, 8]--- 9 points removed --- 19 49 50 51 55 115 178 179 243 
[6, 8, -2, 8, -8, 5, -5, -3, 10]--- 9 points removed --- 9 10 11 15 41 42 43 47 171 
[-2, 3, 3, -4, 8, -3, 1, -2, 7]--- 9 points removed --- 21 23 145 148 149 150 151 181 213 
[-3, -2, -3, -3, 1, -2, 8, -7, 16]--- 9 points removed --- 117 181 189 213 229 241 245 249 253 
[-5, 2, 3, -3, 3, -4, -1, 2, 9]--- 9 points removed --- 134 148 149 150 151 158 182 212 214 
[3, 8, 2, -2, 3, -1, -3, -8, 10]--- 9 points removed --- 3 7 19 21 23 31 51 55 151 
[-5, 4, -6, 1, -5, 2, 5, -6, 16]--- 9 points removed --- 41 161 169 171 173 185 189 233 249 
[8, -4, -3, 5, -5, -7, 8, 4, 11]--- 9 points removed --- 12 44 76 77 100 104 108 109 124 
[-3, -3, -1, -2, 2, 8, -3, -8, 16]--- 9 points removed --- 115 179 195 211 219 227 241 243 251 
[-6, 1, -7, 4, -3, 6, 6, -7, 16]--- 9 points removed --- 41 161 169 171 173 185 225 233 249 
[-5, 3, 4, -8, 8, -5, 5, -4, 14]--- 9 points removed --- 21 145 148 149 151 181 212 213 245 
[-5, 1, -5, -2, -5, 2, 5, -3, 15]--- 9 points removed --- 169 173 184 185 189 233 248 249 253 
[3, 2, -3, -4, 4, 3, -1, -2, 6]--- 9 points removed --- 19 48 49 50 51 55 113 115 179 
[-3, -1, -2, -3, 2, -3, 4, -4, 12]--- 9 points removed --- 117 149 181 189 213 229 241 245 253 
[6, 4, -4, -8, 8, 2, -6, -5, 16]--- 9 points removed --- 19 23 49 50 51 55 115 119 179 
[5, 5, -3, -8, 8, 4, -5, -4, 12]--- 9 points removed --- 18 19 23 49 50 51 55 115 179 
[3, 2, -1, 5, -2, -5, 8, 8, 3]--- 9 points removed --- 4 12 36 44 76 100 108 140 172 
[3, 6, -2, 4, 1, 4, -4, 8, 1]--- 9 points removed --- 2 10 32 34 38 42 50 162 170 
[-3, 8, -1, 3, 2, -4, -7, 7, 10]--- 9 points removed --- 6 38 134 142 150 162 166 174 182 
[-4, 3, 3, -2, 3, -4, -2, 1, 8]--- 9 points removed --- 134 135 148 149 150 151 158 182 214 
[-2, 4, -3, 2, 2, -1, -8, 4, 10]--- 9 points removed --- 34 38 134 162 166 170 174 178 182 
[4, -1, -2, 3, -2, -3, 4, 3, 4]--- 9 points removed --- 12 36 44 76 100 104 108 109 124 
[6, 8, -2, 8, -8, 7, -1, -7, 10]--- 8 points removed --- 9 11 41 42 43 47 169 171 
[1, 8, -7, 8, -8, 7, -5, -4, 16]--- 8 points removed --- 11 41 42 43 47 169 170 171 
[-1, 2, -3, 2, -2, 2, 1, -3, 6]--- 8 points removed --- 41 43 161 169 171 173 185 233 
[-8, -4, 3, 2, 8, 5, -7, -3, 16]--- 8 points removed --- 131 194 195 199 210 211 227 243 
[4, 8, -4, 8, -8, 5, -5, -3, 12]--- 8 points removed --- 10 11 41 42 43 47 170 171 
[-3, 4, -2, 1, 3, -2, -8, 4, 11]--- 8 points removed --- 38 134 150 162 166 174 178 182 
[-3, 4, 2, 2, 8, 4, 3, -1, 0]--- 8 points removed --- 1 128 129 131 144 145 160 161 
[-1, 4, -2, 3, 3, -2, -4, 4, 5]--- 8 points removed --- 6 34 38 134 162 166 174 182 
[-4, 3, -5, -2, -4, -1, 8, -5, 16]--- 8 points removed --- 61 169 173 181 185 189 249 253 
[-7, 8, -6, 7, 1, -2, -8, 8, 15]--- 8 points removed --- 38 134 142 162 166 170 174 182 
[-3, 1, -6, -3, -2, -2, 4, -4, 16]--- 8 points removed --- 61 173 181 185 189 245 249 253 
[-2, -3, -7, 8, -7, 4, -3, 8, 16]--- 7 points removed --- 42 104 106 170 232 234 238 
[-2, 4, -1, 4, -4, -4, 2, 3, 7]--- 7 points removed --- 12 44 140 142 172 173 174 
[-1, 3, 4, 4, 4, 2, -2, -4, 3]--- 7 points removed --- 1 3 7 129 131 135 195 
[2, -4, 2, -4, 4, -1, 3, 4, 5]--- 7 points removed --- 80 84 86 112 116 208 212 
[1, -4, -4, 4, -2, 3, 2, 8, 6]--- 7 points removed --- 96 104 106 108 224 232 234 
[-1, 8, 7, 7, 8, 8, 1, -7, 0]--- 7 points removed --- 1 3 128 129 131 145 161 
[2, -8, -8, 8, -1, 6, 7, 8, 9]--- 7 points removed --- 96 100 104 106 108 224 232 
[-2, 8, 8, -7, 8, -8, -1, -6, 16]--- 7 points removed --- 21 23 135 148 149 150 151 
[4, 3, 4, -1, -2, 2, -4, 4, 3]--- 7 points removed --- 2 10 14 18 26 30 90 
[-8, 1, -7, 8, 2, 8, 8, -6, 13]--- 7 points removed --- 129 160 161 169 224 225 233 
[-4, -5, 4, -1, 4, 3, -2, 2, 8]--- 7 points removed --- 192 194 195 208 210 211 214 
[-3, 4, 4, -2, 4, -4, -2, -1, 8]--- 7 points removed --- 23 134 135 148 149 150 151 
[-7, -2, 3, 3, 7, 1, -8, -3, 16]--- 7 points removed --- 131 135 194 195 199 211 227 
[-4, -1, -4, -4, -1, -1, 3, -4, 16]--- 7 points removed --- 181 185 189 241 245 249 253 
[5, -3, -5, -4, 5, -1, -3, -5, 16]--- 7 points removed --- 51 55 103 113 115 117 119 
[-8, -5, 2, -1, 3, 8, -4, -2, 16]--- 7 points removed --- 194 195 210 211 219 227 243 
[-4, -4, 1, -2, 2, 8, -4, -3, 13]--- 7 points removed --- 195 210 211 219 227 243 251 
[-2, -1, -4, 8, -8, 2, -3, 4, 14]--- 7 points removed --- 42 106 170 174 232 234 238 
[-2, 8, 8, -1, 8, -8, -7, -6, 16]--- 7 points removed --- 7 23 134 135 149 150 151 
[8, 6, 8, -2, -7, 1, -8, 8, 9]--- 7 points removed --- 10 14 18 26 30 90 94 
[3, 1, -3, -3, 3, 3, 1, -1, 4]--- 7 points removed --- 48 49 50 51 112 113 115 
[-8, -4, 4, -2, 4, 2, -1, 3, 11]--- 7 points removed --- 192 194 208 210 211 212 214 
[-2, 5, 1, 5, -7, 2, -5, 5, 9]--- 7 points removed --- 10 14 42 138 142 170 174 
[8, 8, 7, -1, 8, 6, -8, -2, 3]--- 7 points removed --- 2 3 7 18 19 23 51 
[-2, 6, 8, 8, 8, 1, -7, -8, 9]--- 7 points removed --- 3 7 129 131 135 195 199 
[1, -4, 3, -8, 8, -2, 2, 8, 10]--- 7 points removed --- 80 84 86 116 208 212 214 
[-1, 8, 8, -6, 8, -8, -2, -7, 16]--- 7 points removed --- 7 21 23 135 149 150 151 
[4, 4, 2, -2, 4, 3, -4, -1, 3]--- 7 points removed --- 2 3 18 19 23 50 51 
[-8, 2, -6, 8, 7, 8, 8, -1, 7]--- 7 points removed --- 128 129 160 161 169 224 225 
[-1, 8, 6, 8, -8, -8, 1, 8, 9]--- 7 points removed --- 12 14 44 140 142 172 174 
[8, 8, 1, -7, 8, 6, -8, -2, 9]--- 7 points removed --- 3 18 19 23 50 51 55 
[8, 6, 3, -2, 7, 1, -5, -4, 6]--- 7 points removed --- 3 7 18 19 23 51 55 
[-1, -8, 7, 8, -8, 1, 8, -7, 16]--- 6 points removed --- 73 77 200 201 205 233 
[1, -3, 3, -2, 2, -3, -1, 3, 6]--- 6 points removed --- 70 84 86 94 212 214 
[-2, -8, 1, 3, -3, 2, 3, -1, 11]--- 6 points removed --- 73 200 201 205 232 233 
[2, -3, 3, -1, 1, -3, -2, 8, 6]--- 6 points removed --- 70 78 84 86 94 214 
[-4, -3, 1, -4, -1, 8, -4, -4, 16]--- 5 points removed --- 155 211 219 243 251 
[8, -3, 8, -7, -7, 3, -6, 8, 16]--- 5 points removed --- 26 30 88 90 94 
[1, -8, 8, -8, -1, 8, 7, 8, 9]--- 5 points removed --- 80 88 90 208 216 
[4, -5, -1, 3, 1, -4, -4, -4, 14]--- 5 points removed --- 71 79 103 111 119 
[-3, 3, -5, 1, -3, -1, 3, -2, 11]--- 5 points removed --- 169 172 173 185 189 
[1, 2, -1, -2, -2, -8, 2, -2, 13]--- 3 points removed --- 29 61 189 
