[-2, -3, -3, -1, 6, 8, 7, 8, 0]
[499, 498, 496, 494, -2, -493, 3, -5, 1]
[-249, 251, 500, 1, 499, 251, -499, -249, 497]
[-2, -5, 3, 1, -2, -4, 5, 4, 8]
[-57, 2, -112, -55, -55, -112, -111, -110, 500]
[103, -201, 100, -100, -201, 500, -101, -98, 500]
[-1, -2, -494, 4, -4, 2, 1, -3, 500]
[1, 2, -5, 2, 3, 1, 2, 4, 1]
[1, 3, -2, -3, 1, 3, 2, -1, 3]
[-3, 1, 2, -2, -1, -2, -2, 3, 7]
[2, -3, -2, -1, 2, -3, -494, 1, 500]
[251, -249, 500, 249, -250, 251, -500, 500, 500]
[-2, -1, 2, 1, 1, -2, 1, -1, 4]
[2, -1, 1, 1, 2, 2, 2, -1, 0]
[1, 1, -2, -1, -496, -1, -2, 1, 500]
[-1, 1, -1, 0, 1, -1, 0, -1, 3]
[0, -1, -1, 1, 0, 1, -1, -1, 3]
[1, 1, 1, 0, 1, -1, -1, 1, 1]
[0, 2, 2, 1, -2, 1, 1, 1, 1]
[-1, 1, 0, -1, -1, 1, 1, -3, 5]
[-34, 17, -1, 51, -17, 51, -1, 51, 52]
[20, 4, 11, -25, 13, -28, 14, -5, 53]
[1, -8, -5, 0, -1, -4, 4, -1, 18]
[-1, 1, 0, -1, -1, -1, 0, 1, 3]
[-1, -1, 500, -1, -1, -1, -1, 0, 5]
