[11, 4, 1, 7, -13, 7, -2, 12, 0]
[-253, -1, 1, -131, 256, 125, 122, 254, 129]
[250, 256, 2, 2, 4, 253, -256, 1, 0]
[9, -5, -2, -3, 1, 7, 10, 3, 0]
[-3, 256, -6, -3, -1, -5, 1, -3, 15]
[128, 127, 2, 127, 0, -256, 1, 126, 128]
[-2, 256, 255, 254, -253, 256, 1, -2, 1]
[-2, -2, -1, 0, -2, 1, -2, -2, 9]
[253, -252, 1, 255, -256, -3, -1, 255, 256]
[-1, -3, -2, 1, 3, 1, 3, -2, 5]
[1, -2, -1, -1, 2, -253, -1, 1, 256]
[-1, -2, 256, 1, 256, -2, -251, -2, 256]
[1, -2, 256, -2, -1, -251, 256, -2, 256]
[1, 2, 2, -1, 0, -1, 0, 2, 0]
[5, -2, -3, 5, 1, -14, 2, -17, 34]
[-1, -1, 1, 0, -1, -1, 1, -1, 4]
[256, 0, -1, -1, 0, -1, -1, -1, 4]
