[171, -86, -87, 172, 256, -83, 84, 85, 0]
[8, 3, 9, 6, -10, 4, 1, 2, 0]
[8, -3, -5, -6, 4, -2, -11, -240, 256]
[4, -1, 2, -8, 4, 5, 9, 7, 0]
[-5, 2, -3, -1, -7, -248, 6, 256, 256]
[-4, 5, 2, 3, 5, 3, 2, -1, 0]
[256, 170, 256, 84, 86, -169, -86, 85, 0]
[-253, -4, 3, -1, 3, 2, -2, 2, 256]
[-4, 3, 3, -249, -2, -2, -1, -2, 256]
[-5, -5, -3, 2, -245, -2, 3, -1, 256]
[256, -4, 1, -4, -1, -4, -2, -2, 13]
[-2, 3, -3, -2, -1, 1, -3, 3, 8]
[-4, 4, -3, 3, 1, 2, -2, -4, 9]
[-2, -2, 2, 2, 0, -1, -1, -2, 6]
[-3, -3, -2, -247, -1, 1, 2, -3, 256]
[5, 2, -4, -2, -255, 1, 4, 3, 256]
[256, -2, -4, -2, -245, -1, -4, -3, 256]
[1, -2, 4, -2, 0, 4, 4, 2, 1]
[-1, 0, 256, -1, -1, -1, 0, 256, 3]
[-1, 256, 0, -1, 256, -1, 256, -1, 3]
